train
36/36_q6eYkkDsMEU_5_61960_62360_features.csv
36/36_odXbItlRjNg_5_231700_232150_features.csv
36/36_2nd-XLJzOsE_5_105360_105920_features.csv
36/36_spf1l3dAP68_3_145200_145520_features.csv
36/36__LcXSjZwm_Q_5_150600_150920_features.csv
36/36_hUBJgXS9Rzw_3_191520_192280_features.csv
36/36_vyGbKTk-gzg_3_31520_31960_features.csv
36/36_l611vk1622c_3_87920_88220_features.csv
36/36_V3_vJEWGUlw_3_23880_24120_features.csv
36/36_UABroDHd4q4_3_105175_105600_features.csv
36/36_4viQG8CNp4M_5_113240_113640_features.csv
36/36_IlgY_gb74zw_3_217120_217480_features.csv
36/36_Z_c9m0gG9i8_3_205160_205480_features.csv
36/36_j3qyr4JjZKw_6_7275_7975_features.csv
36/36_85mDdrBQTIY_3_191400_191680_features.csv
36/36_Sy-OLfgn0NY_5_333160_333960_features.csv
36/36_vyGbKTk-gzg_3_60280_60560_features.csv
36/36_FfdM5QeoU0k_5_65750_66200_features.csv
36/36_1orehjW53lo_3_39600_39880_features.csv
36/36_UABroDHd4q4_3_211700_212100_features.csv
36/36_FhpfERsdST8_3_104520_105080_features.csv
36/36_1orehjW53lo_3_55000_55360_features.csv
36/36_FhpfERsdST8_3_37120_37480_features.csv
36/36_dx81Welon8k_3_75025_75350_features.csv
36/36_rIYSOtAtv48_3_80840_81180_features.csv
36/36_Rkm_pr_RAY4_3_73040_73600_features.csv
36/36_UABroDHd4q4_3_37080_37360_features.csv
36/36_VBC2i8bbqa4_5_71720_72520_features.csv
36/36_IlgY_gb74zw_3_176040_176680_features.csv
36/36_Sy-OLfgn0NY_5_16825_17150_features.csv
36/36_C7QdnEP_YGI_6_30920_31280_features.csv
36/36_LABkCjY1YMY_5_138200_138750_features.csv
36/36_WLTE5Xg0kEU_3_62920_63240_features.csv
36/36_rbwiOnDjex4_3_62625_63000_features.csv
36/36_VBC2i8bbqa4_5_57900_58200_features.csv
36/36_WLTE5Xg0kEU_3_295880_296160_features.csv
36/36_Rkm_pr_RAY4_3_161480_161720_features.csv
36/36_cv_amCPZDDQ_3_131600_131960_features.csv
36/36_NE07pkgSCQQ_3_218350_218775_features.csv
36/36_vyGbKTk-gzg_3_141680_142000_features.csv
36/36_PMKbDvdchpA_3_166150_166650_features.csv
36/36_WLTE5Xg0kEU_3_210280_210520_features.csv
36/36_q6eYkkDsMEU_5_31360_31880_features.csv
36/36_Zpy_fOS22pg_5_60240_60680_features.csv
36/36_dx81Welon8k_3_22960_23320_features.csv
36/36_3UP67jkT3xc_5_162760_163120_features.csv
36/36_Rkm_pr_RAY4_3_167280_167680_features.csv
36/36_odXbItlRjNg_5_390350_390725_features.csv
36/36_spf1l3dAP68_3_115240_115480_features.csv
36/36_IlgY_gb74zw_3_150880_151240_features.csv
36/36_3UP67jkT3xc_5_41680_42000_features.csv
36/36_Y_vSE4qGlXg_5_167200_167600_features.csv
36/36_UABroDHd4q4_3_127575_127900_features.csv
36/36_Zpy_fOS22pg_5_68240_68760_features.csv
36/36_c9ZdpffShj4_3_10560_10960_features.csv
36/36_3UP67jkT3xc_5_57640_58040_features.csv
36/36_UABroDHd4q4_3_116400_116875_features.csv
36/36_spf1l3dAP68_3_182280_182600_features.csv
36/36_Ss66tHhsdro_6_284675_285350_features.csv
36/36_1kIzNH2U2nA_6_35680_36000_features.csv
36/36_Z_c9m0gG9i8_3_54800_55080_features.csv
36/36_IlgY_gb74zw_3_91640_92000_features.csv
36/36_cv_amCPZDDQ_3_142280_142600_features.csv
36/36_9XxebdcDyI8_3_111680_112080_features.csv
36/36_PMKbDvdchpA_3_144360_144720_features.csv
36/36_NE07pkgSCQQ_3_86600_87000_features.csv
36/36_hUBJgXS9Rzw_3_162600_163120_features.csv
36/36_2y2MnHD4i8o_6_65080_65760_features.csv
36/36_FhpfERsdST8_3_67240_67640_features.csv
36/36_IlgY_gb74zw_3_223880_224200_features.csv
36/36_1kIzNH2U2nA_6_38320_38720_features.csv
36/36_vyGbKTk-gzg_3_72400_72800_features.csv
36/36_Ss66tHhsdro_6_234320_234680_features.csv
36/36_WLTE5Xg0kEU_3_139560_139880_features.csv
36/36__LcXSjZwm_Q_5_79400_79920_features.csv
36/36_WLTE5Xg0kEU_3_150880_151160_features.csv
36/36_X-9JcsybQ9A_5_55200_55920_features.csv
36/36_UABroDHd4q4_3_292525_293000_features.csv
36/36_Z_c9m0gG9i8_3_218640_219000_features.csv
36/36_XErS7f6c0AM_5_138480_139120_features.csv
36/36_pZp41ZEqF-E_5_48920_49360_features.csv
36/36_IlgY_gb74zw_3_182400_182800_features.csv
36/36_IlgY_gb74zw_3_156560_156880_features.csv
36/36_Zt_IRWKZeNM_3_131720_132040_features.csv
36/36_UABroDHd4q4_3_42225_42625_features.csv
36/36_FhpfERsdST8_3_83120_83800_features.csv
36/36_ACFoRUxG8oA_5_43040_43600_features.csv
36/36_odXbItlRjNg_5_123475_123825_features.csv
36/36_Z_c9m0gG9i8_3_165320_165680_features.csv
36/36_vyGbKTk-gzg_3_39400_39720_features.csv
36/36_spf1l3dAP68_3_162320_162800_features.csv
36/36_2nd-XLJzOsE_5_78560_78960_features.csv
36/36_spf1l3dAP68_3_195280_195560_features.csv
36/36_1orehjW53lo_3_72240_72560_features.csv
36/36_Zohg0xfNAv8_5_24640_25240_features.csv
36/36_spf1l3dAP68_3_25040_25440_features.csv
36/36_WLTE5Xg0kEU_3_116880_117240_features.csv
36/36_dx81Welon8k_3_32840_33200_features.csv
36/36_WLTE5Xg0kEU_3_102000_102240_features.csv
36/36_JghTBiAEwNc_5_36880_37320_features.csv
36/36_rbwiOnDjex4_3_113700_114200_features.csv
36/36_hUBJgXS9Rzw_3_166240_166640_features.csv
36/36_4viQG8CNp4M_5_118800_119160_features.csv
36/36_5JuNS_vnIYs_3_12120_12480_features.csv
36/36_Y_vSE4qGlXg_5_176500_176750_features.csv
25/25_vyGbKTk-gzg_3_138440_138840_features.csv
25/25_M1xszBRw9Ro_10_28680_29120_features.csv
25/25_iYxytj9B3_I_3_172800_173080_features.csv
25/25_YGZj_HoYg4k_6_40920_41320_features.csv
25/25_EL1G60MtjeQ_1_52400_52680_features.csv
25/25_uBrakY05r9M_5_44600_45040_features.csv
25/25_EL1G60MtjeQ_1_70080_70400_features.csv
25/25_ERfCn8-c06o_9_167560_168000_features.csv
25/25_54hyTaGhPFs_5_30880_31360_features.csv
25/25_znyGvu-Bp28_5_104440_104840_features.csv
25/25_gR2aGrjNE84_2_29080_29360_features.csv
25/25_Sy-OLfgn0NY_5_292240_292600_features.csv
25/25_V3_vJEWGUlw_3_37520_37840_features.csv
25/25_BIzEaMHCXiw_5_128600_128920_features.csv
25/25_WKeVl2Nt3iA_10_46120_46520_features.csv
25/25_-f3iJKBOm-8_5_104240_104640_features.csv
25/25_MQ3EyC0S7Ik_9_64960_65440_features.csv
25/25_nY6Ibj5Ud8w_1_250480_250760_features.csv
25/25_iYxytj9B3_I_3_240740_241000_features.csv
25/25_4viQG8CNp4M_5_42960_43320_features.csv
25/25_WKeVl2Nt3iA_10_23560_24040_features.csv
25/25_Dc7A-zC9x3I_1_41480_41880_features.csv
25/25_dx81Welon8k_3_75375_75750_features.csv
25/25_54hyTaGhPFs_5_21280_21680_features.csv
25/25_l611vk1622c_3_81760_82000_features.csv
25/25_Zohg0xfNAv8_5_45240_45680_features.csv
25/25_Wz1B6prEk1M_1_10680_10920_features.csv
25/25_D9fwn7c9xVQ_9_126040_126800_features.csv
25/25__LcXSjZwm_Q_5_105080_105760_features.csv
25/25_ERfCn8-c06o_9_19640_20160_features.csv
25/25_dx81Welon8k_3_117040_117440_features.csv
25/25_54hyTaGhPFs_5_219400_219760_features.csv
25/25_OwWldpOh0yo_5_74720_75200_features.csv
25/25_BIzEaMHCXiw_5_187280_187640_features.csv
25/25_VBC2i8bbqa4_5_103960_104360_features.csv
25/25_Dc7A-zC9x3I_1_69480_69760_features.csv
25/25_iYxytj9B3_I_3_154800_155060_features.csv
25/25_6CUL9lp60rg_5_406600_406880_features.csv
25/25_SKZIM1S4c78_5_38720_39120_features.csv
25/25_VBC2i8bbqa4_5_166250_166600_features.csv
25/25_w2W4r3usjZE_9_79920_80480_features.csv
25/25_iYxytj9B3_I_3_104660_104940_features.csv
25/25_AHbS5GEGh1o_5_106480_106920_features.csv
25/25_-f3iJKBOm-8_5_106120_106600_features.csv
25/25_hUBJgXS9Rzw_3_173000_173280_features.csv
25/25_Wz1B6prEk1M_1_47100_47350_features.csv
25/25_w2W4r3usjZE_9_101720_102160_features.csv
25/25_tu_eDaNW8iM_2_54880_55240_features.csv
25/25_9zZ5PHoNt7E_5_64760_65040_features.csv
25/25_spf1l3dAP68_3_277240_277520_features.csv
25/25_v7D1uOEhf8I_10_27760_28480_features.csv
25/25_-f3iJKBOm-8_5_146520_146920_features.csv
25/25_BIzEaMHCXiw_5_391360_391840_features.csv
25/25_Zohg0xfNAv8_5_141880_142200_features.csv
25/25_M1xszBRw9Ro_10_155680_156120_features.csv
25/25__D83rNB-Bos_1_84680_85040_features.csv
25/25_6CUL9lp60rg_5_401800_402080_features.csv
25/25_Z_c9m0gG9i8_3_430600_430920_features.csv
25/25_dKNNEbICWSY_5_43400_43960_features.csv
25/25_1orehjW53lo_3_48000_48280_features.csv
25/25_tu_eDaNW8iM_2_22960_23200_features.csv
25/25_JV100VFWuzU_2_33040_33440_features.csv
25/25_hUBJgXS9Rzw_3_76120_76360_features.csv
25/25_UABroDHd4q4_3_111375_111700_features.csv
25/25_sJcrfC-jm-M_5_96800_97240_features.csv
25/25_pTyFGqAdi4A_9_36760_37240_features.csv
25/25_sJcrfC-jm-M_5_27200_27520_features.csv
25/25_Rkm_pr_RAY4_3_177040_177640_features.csv
25/25_iYxytj9B3_I_3_191100_191400_features.csv
25/25_ABtvOBM1KWY_10_115600_115850_features.csv
25/25_Zpy_fOS22pg_5_31160_31560_features.csv
25/25_vyGbKTk-gzg_3_129320_129680_features.csv
25/25_xLsHnvl2Jyw_9_32760_33200_features.csv
25/25_9zZ5PHoNt7E_5_93400_93840_features.csv
25/25_WiQtjC50f-M_1_133880_134160_features.csv
25/25_AHbS5GEGh1o_5_138400_138680_features.csv
25/25_PMKbDvdchpA_3_300100_300400_features.csv
25/25_AHbS5GEGh1o_5_117880_118240_features.csv
25/25_Zohg0xfNAv8_5_99200_99480_features.csv
25/25_6CUL9lp60rg_5_552840_553160_features.csv
25/25_YGZj_HoYg4k_6_29680_30200_features.csv
25/25_fAixMqtTw4M_1_41400_41800_features.csv
25/25_Zpy_fOS22pg_5_38000_38320_features.csv
25/25_pTyFGqAdi4A_9_73240_73600_features.csv
25/25_odXbItlRjNg_5_330560_330880_features.csv
25/25_bUI64GMzl_Q_10_10360_10960_features.csv
25/25_Zohg0xfNAv8_5_131080_131440_features.csv
25/25_U5LEX0riqiU_2_36800_36960_features.csv
25/25_WNEfJytzABo_1_5120_5480_features.csv
25/25_eM5BQk7WdbM_1_27750_28000_features.csv
25/25_70aA_f5W2eg_5_10720_11200_features.csv
25/25_AHbS5GEGh1o_5_130440_130880_features.csv
25/25_odXbItlRjNg_5_93440_93840_features.csv
25/25_jKmXwAO4kwA_1_10040_10400_features.csv
25/25_DScczXLhnM8_1_82040_82440_features.csv
25/25_85mDdrBQTIY_3_400440_400800_features.csv
25/25_IlgY_gb74zw_3_87000_87280_features.csv
25/25_V3_vJEWGUlw_3_24200_24480_features.csv
25/25_fAixMqtTw4M_1_6120_6600_features.csv
25/25_Z_c9m0gG9i8_3_529720_530000_features.csv
25/25_W2RrXo-SE-I_1_233100_233325_features.csv
25/25_6CUL9lp60rg_5_670920_671280_features.csv
25/25_Z_c9m0gG9i8_3_512720_513000_features.csv
25/25_JGmBuPA3tQg_2_117640_117880_features.csv
25/25_uBrakY05r9M_5_93440_93840_features.csv
25/25_Rkm_pr_RAY4_3_72480_72720_features.csv
25/25_vyGbKTk-gzg_3_94080_94360_features.csv
25/25_tu_eDaNW8iM_2_90120_90480_features.csv
25/25_9zZ5PHoNt7E_5_50920_51480_features.csv
25/25_SZRI8ND3EzU_9_32960_33160_features.csv
25/25_odXbItlRjNg_5_350600_350960_features.csv
25/25_UczPDLSQ8t0_5_88880_89200_features.csv
25/25_1Huba-w4Mog_9_109360_110080_features.csv
25/25_rbwiOnDjex4_3_135025_135475_features.csv
25/25_85mDdrBQTIY_3_260720_261000_features.csv
25/25_U-px3QJ6XSU_1_15480_15760_features.csv
25/25_Zohg0xfNAv8_5_13320_13600_features.csv
25/25_xngvsDWg76I_9_150320_150680_features.csv
25/25_54hyTaGhPFs_5_197920_198400_features.csv
25/25_o6Kca8E43eg_10_4000_4360_features.csv
25/25_FhpfERsdST8_3_15080_15360_features.csv
25/25_dx81Welon8k_3_178525_178800_features.csv
25/25_gQyDV_g0Sv0_9_69560_70040_features.csv
25/25_AHbS5GEGh1o_5_99960_100280_features.csv
25/25_EL1G60MtjeQ_1_62360_62720_features.csv
25/25_gQyDV_g0Sv0_9_53040_53480_features.csv
25/25_3UP67jkT3xc_5_4680_4960_features.csv
25/25_znyGvu-Bp28_5_19400_19840_features.csv
25/25_uBrakY05r9M_5_119400_119720_features.csv
25/25_XErS7f6c0AM_5_77040_77360_features.csv
25/25_Rkm_pr_RAY4_3_47720_48000_features.csv
25/25_iewVxXrMVj0_5_40960_41560_features.csv
25/25_SKZIM1S4c78_5_186040_186400_features.csv
25/25_Sy-OLfgn0NY_5_78075_78500_features.csv
25/25_w2W4r3usjZE_9_53120_53800_features.csv
25/25_Z_c9m0gG9i8_3_256240_256560_features.csv
25/25_Rkm_pr_RAY4_3_149680_150080_features.csv
25/25_iewVxXrMVj0_5_115960_116440_features.csv
25/25_bLvyP8PvPS8_5_65480_65880_features.csv
25/25_Sy-OLfgn0NY_5_324240_324520_features.csv
25/25_3UP67jkT3xc_5_53720_54040_features.csv
25/25_xngvsDWg76I_9_176080_176520_features.csv
25/25__LcXSjZwm_Q_5_61840_62240_features.csv
25/25_9zZ5PHoNt7E_5_27675_27950_features.csv
25/25_AHbS5GEGh1o_5_3080_3360_features.csv
25/25_V3_vJEWGUlw_3_127800_128120_features.csv
25/25_JV100VFWuzU_2_42760_43160_features.csv
25/25_znyGvu-Bp28_5_11280_11600_features.csv
25/25_JV100VFWuzU_2_2600_2920_features.csv
25/25_V3_vJEWGUlw_3_31200_31560_features.csv
25/25_54hyTaGhPFs_5_60080_60520_features.csv
25/25_gR2aGrjNE84_2_115280_115560_features.csv
25/25_tu_eDaNW8iM_2_108320_108520_features.csv
25/25_AHbS5GEGh1o_5_132320_132840_features.csv
25/25_WX3UI5TtQQU_9_129640_130120_features.csv
25/25_6gwIyDawfiQ_5_4480_4880_features.csv
25/25_5-j_CKBiRQs_5_47200_48000_features.csv
25/25_v9sYsMMCacc_10_17680_18160_features.csv
25/25_iYxytj9B3_I_3_116320_116520_features.csv
25/25_vyGbKTk-gzg_3_23920_24400_features.csv
25/25_uYIHRM0YcT8_9_132520_132880_features.csv
25/25_3UP67jkT3xc_5_82720_83080_features.csv
25/25_BIzEaMHCXiw_5_288720_289160_features.csv
25/25_6CUL9lp60rg_5_607240_607520_features.csv
25/25_PMKbDvdchpA_3_281250_281600_features.csv
25/25_nY6Ibj5Ud8w_1_168240_168560_features.csv
25/25_rbwiOnDjex4_3_60125_60425_features.csv
25/25_c9ZdpffShj4_3_72760_73120_features.csv
25/25_3UP67jkT3xc_5_26280_26560_features.csv
25/25_Z_c9m0gG9i8_3_421400_421720_features.csv
25/25_UABroDHd4q4_3_124640_124960_features.csv
25/25_WiQtjC50f-M_1_133150_133375_features.csv
25/25_w2W4r3usjZE_9_6360_6720_features.csv
25/25_AHbS5GEGh1o_5_62760_63080_features.csv
25/25_Z_c9m0gG9i8_3_447440_447680_features.csv
25/25_9zZ5PHoNt7E_5_35425_35825_features.csv
25/25_v7D1uOEhf8I_10_52280_53040_features.csv
25/25_Sbqr-bH0-dI_3_30520_30720_features.csv
25/25_EFSuOojeLjE_10_98960_99440_features.csv
25/25_SKZIM1S4c78_5_78440_78720_features.csv
25/25_BXAiYnEyX-4_1_122480_122760_features.csv
25/25_UABroDHd4q4_3_258000_258400_features.csv
25/25_HSbkP5mw8n4_1_97720_97960_features.csv
25/25_1orehjW53lo_3_98400_98720_features.csv
25/25_DScczXLhnM8_1_69320_69800_features.csv
25/25_70aA_f5W2eg_5_129160_129720_features.csv
25/25_Z_c9m0gG9i8_3_128400_128600_features.csv
25/25_w2W4r3usjZE_9_67560_68280_features.csv
25/25_lJeBuPOf7HY_9_94900_95250_features.csv
25/25_5PWLe5GaIEA_5_56640_57120_features.csv
25/25_Ss66tHhsdro_6_311280_311520_features.csv
25/25_9XxebdcDyI8_3_188080_188440_features.csv
25/25_tyknYCHAjKM_2_82000_82275_features.csv
25/25_dx81Welon8k_3_30700_31050_features.csv
25/25_WKeVl2Nt3iA_10_32480_32840_features.csv
25/25_54hyTaGhPFs_5_35520_35960_features.csv
25/25_QHUQlQdmZQE_2_4120_4400_features.csv
25/25_h3oSdHnp__s_10_16240_16680_features.csv
25/25_kEz3DVWNF8w_5_56700_57300_features.csv
25/25_Z_c9m0gG9i8_3_119520_119880_features.csv
25/25_iYxytj9B3_I_3_81940_82180_features.csv
25/25_j5_zf5uQSRk_5_105520_106080_features.csv
25/25_fAixMqtTw4M_1_143200_143520_features.csv
25/25_BIzEaMHCXiw_5_394360_394720_features.csv
25/25_1Huba-w4Mog_9_117600_117920_features.csv
25/25_4viQG8CNp4M_5_10120_10600_features.csv
25/25_IlgY_gb74zw_3_116320_116560_features.csv
25/25_Zohg0xfNAv8_5_188000_188400_features.csv
25/25__LcXSjZwm_Q_5_68760_69040_features.csv
25/25_6CUL9lp60rg_5_771480_771800_features.csv
25/25_gQyDV_g0Sv0_9_57400_58120_features.csv
25/25_BIzEaMHCXiw_5_407120_407680_features.csv
25/25_Sy-OLfgn0NY_5_7475_7750_features.csv
25/25__LcXSjZwm_Q_5_132400_132800_features.csv
25/25_pTyFGqAdi4A_9_30120_30600_features.csv
25/25_tu_eDaNW8iM_2_62850_63075_features.csv
25/25_fAixMqtTw4M_1_16280_16560_features.csv
25/25_ACFoRUxG8oA_5_16880_17400_features.csv
25/25__MM_-_lvYmE_10_76480_77080_features.csv
25/25_cv_amCPZDDQ_3_27560_27800_features.csv
7/7_dx81Welon8k_3_6450_7075_features.csv
7/7_WX3UI5TtQQU_9_44520_45480_features.csv
7/7_dx81Welon8k_3_133125_133800_features.csv
7/7_Wz1B6prEk1M_1_93250_93825_features.csv
7/7_NE07pkgSCQQ_3_44225_44675_features.csv
7/7_rbwiOnDjex4_3_130650_131100_features.csv
7/7_r_NG6V4aYek_9_118200_118560_features.csv
7/7_dx81Welon8k_3_130775_131475_features.csv
7/7_EL1G60MtjeQ_1_45640_46040_features.csv
7/7_dx81Welon8k_3_182125_182575_features.csv
7/7_UABroDHd4q4_3_25550_26100_features.csv
7/7_gQyDV_g0Sv0_9_138680_139280_features.csv
7/7_r_NG6V4aYek_9_284840_285480_features.csv
7/7_NE07pkgSCQQ_3_213175_213600_features.csv
7/7_rbwiOnDjex4_3_160050_160550_features.csv
7/7_w2W4r3usjZE_9_47840_48840_features.csv
7/7_w2W4r3usjZE_9_73120_73560_features.csv
7/7_rbwiOnDjex4_3_80975_81275_features.csv
7/7_MQ3EyC0S7Ik_9_29800_30320_features.csv
7/7_eM5BQk7WdbM_1_73000_73425_features.csv
7/7_dx81Welon8k_3_169300_169775_features.csv
7/7_rbwiOnDjex4_3_179975_180325_features.csv
7/7_Wz1B6prEk1M_1_88650_88950_features.csv
7/7_NE07pkgSCQQ_3_11950_12675_features.csv
7/7_EL1G60MtjeQ_1_44400_44880_features.csv
7/7_UABroDHd4q4_3_244350_244750_features.csv
7/7_MQ3EyC0S7Ik_9_58640_58960_features.csv
7/7_rbwiOnDjex4_3_105500_105775_features.csv
7/7_UABroDHd4q4_3_227250_227700_features.csv
7/7_WiQtjC50f-M_1_246480_246760_features.csv
7/7_EL1G60MtjeQ_1_229080_229520_features.csv
7/7_xngvsDWg76I_9_266520_267160_features.csv
7/7_eM5BQk7WdbM_1_51075_51300_features.csv
7/7_MQ3EyC0S7Ik_9_88680_89040_features.csv
7/7_EL1G60MtjeQ_1_162280_162640_features.csv
7/7_gQyDV_g0Sv0_9_47400_48080_features.csv
7/7_r_NG6V4aYek_9_87360_87800_features.csv
7/7_rbwiOnDjex4_3_27350_27950_features.csv
7/7_UABroDHd4q4_3_61825_62025_features.csv
7/7_eM5BQk7WdbM_1_64240_64480_features.csv
7/7_UABroDHd4q4_3_204175_204675_features.csv
7/7_UABroDHd4q4_3_132400_132900_features.csv
7/7_spf1l3dAP68_3_198360_198920_features.csv
7/7_UABroDHd4q4_3_84825_85275_features.csv
7/7_EL1G60MtjeQ_1_105440_105720_features.csv
7/7_rbwiOnDjex4_3_53300_53700_features.csv
7/7_Wz1B6prEk1M_1_23825_24225_features.csv
7/7_MQ3EyC0S7Ik_9_45920_46280_features.csv
7/7_NE07pkgSCQQ_3_222150_222725_features.csv
7/7_eM5BQk7WdbM_1_68250_68550_features.csv
7/7_cv_amCPZDDQ_3_76520_77120_features.csv
7/7_1Huba-w4Mog_9_33480_34160_features.csv
7/7_rbwiOnDjex4_3_78300_78650_features.csv
7/7_UABroDHd4q4_3_19375_19750_features.csv
7/7_xngvsDWg76I_9_43000_43880_features.csv
7/7_WX3UI5TtQQU_9_69880_70280_features.csv
7/7_EL1G60MtjeQ_1_51360_51800_features.csv
7/7_xngvsDWg76I_9_104240_104600_features.csv
7/7_UABroDHd4q4_3_151175_151725_features.csv
4/4_M1xszBRw9Ro_10_363960_364320_features.csv
4/4_BIzEaMHCXiw_5_152000_152400_features.csv
4/4_BIzEaMHCXiw_5_272520_272840_features.csv
4/4_M1xszBRw9Ro_10_412640_413240_features.csv
4/4_3UP67jkT3xc_5_167960_168240_features.csv
4/4_ERfCn8-c06o_9_93480_94200_features.csv
4/4_w2W4r3usjZE_9_93880_94720_features.csv
4/4_6CUL9lp60rg_5_692920_693240_features.csv
4/4_yyZxrkIa1-Y_9_11560_11880_features.csv
4/4_Wz1B6prEk1M_1_39350_39625_features.csv
4/4_ysz0CjirP84_9_26080_26440_features.csv
4/4_70aA_f5W2eg_5_172200_172640_features.csv
4/4_W2RrXo-SE-I_1_278640_278960_features.csv
4/4_odXbItlRjNg_5_270600_270880_features.csv
4/4_2Jl03q6tsRw_9_67040_67480_features.csv
4/4_PfhJdrof8v8_5_81600_81920_features.csv
4/4_wgmHta_ijns_9_21000_21320_features.csv
4/4_AHbS5GEGh1o_5_55600_55800_features.csv
4/4_M1xszBRw9Ro_10_89240_89720_features.csv
4/4_70aA_f5W2eg_5_46400_46680_features.csv
4/4_vyGbKTk-gzg_3_136600_137160_features.csv
4/4_qM1ejOeP6EI_5_41000_41600_features.csv
4/4_OwWldpOh0yo_5_47625_48075_features.csv
4/4_ysz0CjirP84_9_95480_95800_features.csv
4/4_bUI64GMzl_Q_10_120240_121040_features.csv
4/4_4WOjGpvUXJM_1_38200_38640_features.csv
4/4_VBC2i8bbqa4_5_8720_9240_features.csv
4/4_6CUL9lp60rg_5_193560_194160_features.csv
4/4_70aA_f5W2eg_5_166120_166520_features.csv
4/4_Zohg0xfNAv8_5_58560_58800_features.csv
4/4_PfhJdrof8v8_5_123120_123480_features.csv
4/4_ysz0CjirP84_9_119320_119720_features.csv
4/4_VBC2i8bbqa4_5_61250_61600_features.csv
4/4_6CUL9lp60rg_5_122080_122360_features.csv
4/4_UczPDLSQ8t0_5_111160_111480_features.csv
4/4_ACFoRUxG8oA_5_5880_6240_features.csv
4/4_Sy-OLfgn0NY_5_153200_153475_features.csv
4/4_2Jl03q6tsRw_9_4280_5240_features.csv
4/4_54hyTaGhPFs_5_166600_167800_features.csv
4/4_6CUL9lp60rg_5_616760_617520_features.csv
4/4_VBC2i8bbqa4_5_122720_123080_features.csv
4/4_CrHmtfLAZec_9_128960_129240_features.csv
4/4_odXbItlRjNg_5_366760_367400_features.csv
4/4_54hyTaGhPFs_5_105480_106120_features.csv
4/4_3UP67jkT3xc_5_42640_43000_features.csv
4/4_4viQG8CNp4M_5_70560_71120_features.csv
4/4_D9fwn7c9xVQ_9_24360_24840_features.csv
4/4_2nd-XLJzOsE_5_110160_110720_features.csv
4/4_bN8xiV0toNI_5_39400_39720_features.csv
4/4_BIzEaMHCXiw_5_191640_191920_features.csv
4/4_UczPDLSQ8t0_5_45160_45720_features.csv
4/4_BIzEaMHCXiw_5_347800_348080_features.csv
4/4_4HOJSm5XYeo_9_44560_45000_features.csv
4/4_cPXM_L2UaMQ_10_20040_20320_features.csv
4/4_BIzEaMHCXiw_5_436240_436480_features.csv
4/4_54hyTaGhPFs_5_240440_240880_features.csv
4/4_bN8xiV0toNI_5_54720_55280_features.csv
4/4_q_iwTyy6O8k_9_24275_24825_features.csv
4/4_6CUL9lp60rg_5_717160_717720_features.csv
4/4_VBC2i8bbqa4_5_172100_172325_features.csv
4/4_F8ZtKUlxNco_5_154200_154400_features.csv
4/4_xngvsDWg76I_9_216640_216920_features.csv
4/4_ysz0CjirP84_9_15320_15920_features.csv
4/4_dx81Welon8k_3_48650_48925_features.csv
4/4_MddOAfQQ6TY_1_44400_44680_features.csv
4/4_BIzEaMHCXiw_5_240680_241000_features.csv
4/4_odXbItlRjNg_5_141000_141275_features.csv
4/4_D9fwn7c9xVQ_9_68320_68680_features.csv
4/4_WX3UI5TtQQU_9_345640_346000_features.csv
4/4_26iZWy0bi9U_1_37400_37600_features.csv
4/4_6CUL9lp60rg_5_686000_686360_features.csv
4/4_WiQtjC50f-M_1_22275_22500_features.csv
4/4_rIYSOtAtv48_3_119120_119340_features.csv
4/4_WLTE5Xg0kEU_3_175440_175840_features.csv
4/4_2Jl03q6tsRw_9_14320_14960_features.csv
4/4_9zZ5PHoNt7E_5_24000_24175_features.csv
4/4_iYxytj9B3_I_3_268280_268880_features.csv
4/4_wRRNHQc32uU_9_31840_32280_features.csv
4/4_2nd-XLJzOsE_5_145920_146960_features.csv
4/4__LcXSjZwm_Q_5_55320_55600_features.csv
4/4_6CUL9lp60rg_5_759960_760600_features.csv
4/4_j5_zf5uQSRk_5_19760_20240_features.csv
4/4_9sK0M5PkKZ4_9_149720_150360_features.csv
4/4_OU7hkPpVByc_1_16800_17120_features.csv
4/4_UABroDHd4q4_3_119950_120550_features.csv
4/4_DCEb-mtfXV4_10_29720_30520_features.csv
4/4_F8ZtKUlxNco_5_150360_150720_features.csv
4/4_odXbItlRjNg_5_318080_319120_features.csv
4/4_AHbS5GEGh1o_5_79920_80400_features.csv
4/4_W4oR4lWGp0A_5_110275_110450_features.csv
4/4_ABtvOBM1KWY_10_24850_25200_features.csv
4/4_WiQtjC50f-M_1_27960_28320_features.csv
4/4_bUI64GMzl_Q_10_78160_78400_features.csv
4/4_CrHmtfLAZec_9_85000_85320_features.csv
4/4_PMKbDvdchpA_3_79760_80200_features.csv
4/4_BIzEaMHCXiw_5_99240_99640_features.csv
4/4_OwWldpOh0yo_5_85275_85600_features.csv
4/4_1orehjW53lo_3_179800_180320_features.csv
4/4_3UP67jkT3xc_5_106800_107320_features.csv
4/4_BIzEaMHCXiw_5_204480_204840_features.csv
4/4_6CUL9lp60rg_5_578840_579240_features.csv
4/4_M1xszBRw9Ro_10_261840_262200_features.csv
4/4_ABtvOBM1KWY_10_34240_34520_features.csv
4/4_BIzEaMHCXiw_5_329800_330160_features.csv
4/4_BIzEaMHCXiw_5_172120_172360_features.csv
4/4_qM1ejOeP6EI_5_52080_52440_features.csv
4/4_odXbItlRjNg_5_266625_266850_features.csv
4/4_JVYvMF536U8_5_82360_82680_features.csv
4/4_b6aA0SmeUUI_1_38920_39240_features.csv
4/4_bLvyP8PvPS8_5_186640_187000_features.csv
4/4_L6NCVoh6YiE_5_209040_209360_features.csv
4/4_uYIHRM0YcT8_9_47350_47650_features.csv
4/4_bUI64GMzl_Q_10_115560_116040_features.csv
4/4_CD6bKEcBQkQ_9_10475_10850_features.csv
4/4_w2W4r3usjZE_9_60800_61080_features.csv
4/4_M1xszBRw9Ro_10_76120_76560_features.csv
4/4_aJemwxTbM0E_9_280960_281240_features.csv
4/4_ZURvR5zCzY4_10_71360_71680_features.csv
4/4_MddOAfQQ6TY_1_56000_56440_features.csv
4/4_L6NCVoh6YiE_5_111520_111880_features.csv
4/4_l88gZYCbR5g_5_7800_8200_features.csv
4/4_W2RrXo-SE-I_1_239160_239440_features.csv
4/4_gQyDV_g0Sv0_9_132000_132680_features.csv
4/4_U-px3QJ6XSU_1_74120_74400_features.csv
4/4_CrHmtfLAZec_9_144600_144840_features.csv
4/4_M1xszBRw9Ro_10_106360_106760_features.csv
4/4_54hyTaGhPFs_5_136160_136480_features.csv
4/4_M1xszBRw9Ro_10_96600_97120_features.csv
4/4_AHbS5GEGh1o_5_91080_91640_features.csv
4/4_gQyDV_g0Sv0_9_99480_99880_features.csv
4/4__LcXSjZwm_Q_5_157080_157640_features.csv
4/4_Sbqr-bH0-dI_3_143240_143520_features.csv
4/4_Zpy_fOS22pg_5_63760_64080_features.csv
4/4_UczPDLSQ8t0_5_113640_114040_features.csv
4/4_6CUL9lp60rg_5_637640_638200_features.csv
4/4_Y_vSE4qGlXg_5_66400_67200_features.csv
4/4_L6NCVoh6YiE_5_169880_170280_features.csv
4/4_70aA_f5W2eg_5_99120_99680_features.csv
4/4_BIzEaMHCXiw_5_335400_335680_features.csv
4/4__LcXSjZwm_Q_5_135800_136080_features.csv
4/4_6CUL9lp60rg_5_652960_653480_features.csv
4/4_PfhJdrof8v8_5_150760_151040_features.csv
4/4_ACFoRUxG8oA_5_65680_66160_features.csv
4/4_Zt_IRWKZeNM_3_86680_87080_features.csv
4/4_VBC2i8bbqa4_5_22000_22280_features.csv
4/4_uYIHRM0YcT8_9_82800_83175_features.csv
4/4_odXbItlRjNg_5_386280_386840_features.csv
4/4_54hyTaGhPFs_5_15240_15840_features.csv
4/4_Zohg0xfNAv8_5_128640_129000_features.csv
4/4_Sbqr-bH0-dI_3_140200_140440_features.csv
4/4_2Jl03q6tsRw_9_53280_53560_features.csv
4/4_VBC2i8bbqa4_5_137400_137720_features.csv
4/4_b_DZItc_MT8_5_40200_40680_features.csv
4/4_VBC2i8bbqa4_5_67375_67775_features.csv
4/4_70aA_f5W2eg_5_111280_111680_features.csv
4/4_26iZWy0bi9U_1_52200_52440_features.csv
4/4_xngvsDWg76I_9_202280_202520_features.csv
4/4_PViDFh6IYAk_5_23760_24160_features.csv
4/4_9zZ5PHoNt7E_5_150720_151200_features.csv
4/4_L6NCVoh6YiE_5_25800_26240_features.csv
4/4_-f3iJKBOm-8_5_97960_98240_features.csv
4/4_Sy-OLfgn0NY_5_312900_313225_features.csv
4/4_SZRI8ND3EzU_9_197480_197800_features.csv
4/4_2nd-XLJzOsE_5_72680_73080_features.csv
4/4_uBrakY05r9M_5_129440_129840_features.csv
4/4_SZRI8ND3EzU_9_257840_258520_features.csv
0/0_UczPDLSQ8t0_5_117760_118280_features.csv
0/0_lJLgmX4mK5Q_9_7000_7880_features.csv
0/0_54hyTaGhPFs_5_85240_85760_features.csv
0/0_Z_c9m0gG9i8_3_347880_348280_features.csv
0/0_iYxytj9B3_I_3_189760_190300_features.csv
0/0_Z_c9m0gG9i8_3_3600_4400_features.csv
0/0_UABroDHd4q4_3_239675_240050_features.csv
0/0_UczPDLSQ8t0_5_30600_31440_features.csv
0/0_86F4qtacKuY_5_66200_66800_features.csv
0/0_dCTAfv0_xBI_5_37640_38200_features.csv
0/0_W2RrXo-SE-I_1_254800_255150_features.csv
0/0_4WOjGpvUXJM_1_75160_75560_features.csv
0/0_pCtiQRICc-0_9_34920_35800_features.csv
0/0_WLTE5Xg0kEU_3_185480_186040_features.csv
0/0_DScczXLhnM8_1_76520_77240_features.csv
0/0_WX3UI5TtQQU_9_515680_516440_features.csv
0/0_8j29V2Gcy1M_9_147760_148520_features.csv
0/0_Z_c9m0gG9i8_3_305880_306400_features.csv
0/0_Z_c9m0gG9i8_3_327480_327920_features.csv
0/0_rIYSOtAtv48_3_105060_105740_features.csv
0/0__Lb4gBLfFSA_1_29320_29920_features.csv
0/0_Z_c9m0gG9i8_3_320880_321720_features.csv
0/0_PMKbDvdchpA_3_342250_342775_features.csv
0/0_UczPDLSQ8t0_5_69800_70320_features.csv
0/0_FfdM5QeoU0k_5_21500_22150_features.csv
0/0_aJemwxTbM0E_9_149575_150875_features.csv
0/0_PMKbDvdchpA_3_90850_91250_features.csv
0/0_aJemwxTbM0E_9_234025_234275_features.csv
0/0_DScczXLhnM8_1_18680_19360_features.csv
0/0_1orehjW53lo_3_167120_167720_features.csv
0/0_dx81Welon8k_3_105850_106325_features.csv
0/0_ACFoRUxG8oA_5_72280_72560_features.csv
0/0_LZa-kCvTstE_5_93925_94250_features.csv
0/0_WLTE5Xg0kEU_3_183400_183920_features.csv
0/0_WLTE5Xg0kEU_3_290920_291520_features.csv
0/0_L6NCVoh6YiE_5_33600_34080_features.csv
0/0_LZa-kCvTstE_5_98225_98725_features.csv
0/0_L6NCVoh6YiE_5_72120_72800_features.csv
0/0_MddOAfQQ6TY_1_11875_12250_features.csv
0/0_hUBJgXS9Rzw_3_138480_139440_features.csv
0/0_SKZIM1S4c78_5_119400_119720_features.csv
0/0_nY6Ibj5Ud8w_1_170600_171325_features.csv
0/0_rIYSOtAtv48_3_27820_28200_features.csv
0/0_jKmXwAO4kwA_1_49480_50320_features.csv
0/0_hIBj-HoPJhI_3_54000_54520_features.csv
0/0_L6NCVoh6YiE_5_144520_144920_features.csv
0/0_SKZIM1S4c78_5_185320_185680_features.csv
0/0_OU7hkPpVByc_1_47280_47600_features.csv
0/0_kQ6tVot9iHg_9_127240_128440_features.csv
0/0_PfhJdrof8v8_5_88680_89240_features.csv
0/0_8j29V2Gcy1M_9_166000_167200_features.csv
0/0_6CUL9lp60rg_5_539000_539600_features.csv
0/0_NE07pkgSCQQ_3_132325_132825_features.csv
0/0_dx81Welon8k_3_61175_61525_features.csv
0/0_WLTE5Xg0kEU_3_278840_279400_features.csv
0/0_XErS7f6c0AM_5_241720_242520_features.csv
0/0_xLsHnvl2Jyw_9_30200_31080_features.csv
0/0_L6NCVoh6YiE_5_67000_67440_features.csv
0/0_PfhJdrof8v8_5_34160_34680_features.csv
0/0_NE07pkgSCQQ_3_123725_124200_features.csv
0/0_TDH6B8JDB5E_1_4600_5200_features.csv
0/0_D9fwn7c9xVQ_9_103160_103560_features.csv
0/0_DScczXLhnM8_1_89440_89720_features.csv
0/0_UczPDLSQ8t0_5_14160_15120_features.csv
0/0_PMKbDvdchpA_3_257525_257875_features.csv
0/0_r_NG6V4aYek_9_57280_57680_features.csv
0/0_BIzEaMHCXiw_5_70960_71520_features.csv
0/0_W2RrXo-SE-I_1_241250_241650_features.csv
0/0_0qeYLvPBJWs_9_33840_34680_features.csv
0/0_BIzEaMHCXiw_5_117320_118080_features.csv
0/0_9zZ5PHoNt7E_5_30175_30650_features.csv
0/0_4viQG8CNp4M_5_227560_228640_features.csv
0/0_l88gZYCbR5g_5_61640_62000_features.csv
41/41_xngvsDWg76I_9_184240_184920_features.csv
41/41_iYxytj9B3_I_3_10460_10800_features.csv
41/41_85mDdrBQTIY_3_156760_157080_features.csv
41/41_4hnp5xIWiwQ_9_94840_95080_features.csv
41/41_47YmPhcPnQ0_10_23440_24320_features.csv
41/41_2y2MnHD4i8o_6_63560_63960_features.csv
41/41_j5_zf5uQSRk_5_21520_21800_features.csv
41/41_spf1l3dAP68_3_287280_287440_features.csv
41/41_MaZUl_KP8Ao_6_21760_22480_features.csv
41/41_pZp41ZEqF-E_5_61880_62120_features.csv
41/41_3UP67jkT3xc_5_31320_31880_features.csv
41/41_Z_c9m0gG9i8_3_64800_65160_features.csv
41/41_BIzEaMHCXiw_5_335760_336000_features.csv
41/41_7v_RZlWxs7I_6_23680_23880_features.csv
41/41_dEBaTqI-mS8_3_8280_8560_features.csv
41/41_W4oR4lWGp0A_5_14960_15360_features.csv
41/41_0E0-Ql8bgl0_6_5920_6240_features.csv
41/41_iYxytj9B3_I_3_166060_166280_features.csv
41/41_W50BB1aT094_6_152625_152875_features.csv
41/41_BIzEaMHCXiw_5_401880_402320_features.csv
41/41_PMKbDvdchpA_3_32480_32680_features.csv
41/41_86F4qtacKuY_5_243040_243280_features.csv
41/41_F8ZtKUlxNco_5_138880_139200_features.csv
41/41_r_NG6V4aYek_9_161320_161680_features.csv
41/41_dx81Welon8k_3_24680_24880_features.csv
41/41_vyGbKTk-gzg_3_49600_49920_features.csv
41/41_IlgY_gb74zw_3_214680_214960_features.csv
41/41_85mDdrBQTIY_3_202360_202640_features.csv
41/41_uBrakY05r9M_5_90840_91080_features.csv
41/41_Ss66tHhsdro_6_140600_141240_features.csv
41/41_Z_c9m0gG9i8_3_44960_45200_features.csv
41/41_l611vk1622c_3_22620_22920_features.csv
41/41_IlgY_gb74zw_3_81400_81600_features.csv
41/41_znyGvu-Bp28_5_31440_31680_features.csv
41/41_CoaGlX3F-E4_3_68300_68540_features.csv
41/41_iYxytj9B3_I_3_26220_26940_features.csv
41/41_BIzEaMHCXiw_5_295800_296160_features.csv
41/41_WLTE5Xg0kEU_3_88680_88960_features.csv
41/41_MaZUl_KP8Ao_6_28040_28320_features.csv
41/41_Zpy_fOS22pg_5_28840_29200_features.csv
41/41_EFSuOojeLjE_10_142760_143800_features.csv
41/41_PteWobzf9ag_10_103960_104320_features.csv
41/41_Z_c9m0gG9i8_3_8040_8320_features.csv
41/41_wKW6he7wPpg_10_88800_89080_features.csv
41/41_SKZIM1S4c78_5_16760_17160_features.csv
41/41_uBrakY05r9M_5_81600_81880_features.csv
41/41_o6Kca8E43eg_10_37760_38400_features.csv
41/41_h3oSdHnp__s_10_10200_10480_features.csv
41/41_SKZIM1S4c78_5_11840_12200_features.csv
41/41_cv_amCPZDDQ_3_13240_13480_features.csv
41/41_2nd-XLJzOsE_5_92840_93320_features.csv
41/41_fIHQbCOce5E_9_43520_43800_features.csv
41/41_6CUL9lp60rg_5_544880_545360_features.csv
41/41_Z_c9m0gG9i8_3_307880_308200_features.csv
41/41_uBrakY05r9M_5_78840_79160_features.csv
41/41_W50BB1aT094_6_94200_94450_features.csv
41/41_4hnp5xIWiwQ_9_73840_74120_features.csv
41/41_cv_amCPZDDQ_3_3960_4360_features.csv
41/41_fIHQbCOce5E_9_89480_90240_features.csv
41/41_r_NG6V4aYek_9_49720_50360_features.csv
41/41_iYxytj9B3_I_3_168540_168780_features.csv
41/41_PMKbDvdchpA_3_70720_71000_features.csv
41/41_4byAyOXyn5U_6_74120_74400_features.csv
41/41_IlgY_gb74zw_3_257000_257160_features.csv
41/41_h3oSdHnp__s_10_15320_15680_features.csv
41/41_4byAyOXyn5U_6_59040_59320_features.csv
41/41_4byAyOXyn5U_6_81000_81240_features.csv
41/41_aJemwxTbM0E_9_22775_23450_features.csv
41/41_CoaGlX3F-E4_3_89740_90260_features.csv
41/41_WLTE5Xg0kEU_3_192240_192640_features.csv
41/41_XErS7f6c0AM_5_261280_261640_features.csv
41/41_IlgY_gb74zw_3_76000_76240_features.csv
41/41_F8ZtKUlxNco_5_151800_152000_features.csv
41/41_ACFoRUxG8oA_5_3080_3400_features.csv
41/41_IBBhBH6h1hg_6_7120_7840_features.csv
41/41_PfhJdrof8v8_5_151880_152000_features.csv
41/41_j3qyr4JjZKw_6_6000_6360_features.csv
41/41_spf1l3dAP68_3_289760_290000_features.csv
41/41_r_NG6V4aYek_9_162720_162960_features.csv
41/41_iewVxXrMVj0_5_113160_113320_features.csv
41/41_0qeYLvPBJWs_9_97680_97960_features.csv
41/41_BIzEaMHCXiw_5_256560_256880_features.csv
41/41_BIzEaMHCXiw_5_399960_400600_features.csv
41/41_cv_amCPZDDQ_3_106640_106960_features.csv
41/41_BIzEaMHCXiw_5_292880_293280_features.csv
41/41_4byAyOXyn5U_6_106240_106560_features.csv
37/37_BIzEaMHCXiw_5_301840_302320_features.csv
37/37_k36ANsahsm0_8_42840_43320_features.csv
37/37_VBC2i8bbqa4_5_24175_24750_features.csv
37/37_Z_c9m0gG9i8_3_271520_272040_features.csv
37/37_G-oIy6FAUlk_10_93920_94400_features.csv
37/37_54hyTaGhPFs_5_107040_107440_features.csv
37/37_JghTBiAEwNc_5_22880_23280_features.csv
37/37_xngvsDWg76I_9_95560_96080_features.csv
37/37_znyGvu-Bp28_5_76560_77320_features.csv
37/37_Wz1B6prEk1M_1_72975_73925_features.csv
37/37_l88gZYCbR5g_5_26280_26880_features.csv
37/37_4viQG8CNp4M_5_21560_21920_features.csv
37/37_VBC2i8bbqa4_5_124650_125075_features.csv
37/37_ElQUTcP9CXI_5_39680_40040_features.csv
37/37_VBC2i8bbqa4_5_76475_76875_features.csv
37/37_BXAiYnEyX-4_1_151720_152240_features.csv
37/37_IBBhBH6h1hg_6_64400_64840_features.csv
37/37_85mDdrBQTIY_3_163040_163680_features.csv
37/37_cv_amCPZDDQ_3_49680_50240_features.csv
37/37_3UP67jkT3xc_5_103800_104320_features.csv
37/37_Zohg0xfNAv8_5_36775_37500_features.csv
37/37_4byAyOXyn5U_6_27920_28560_features.csv
37/37_6CUL9lp60rg_5_162440_163040_features.csv
37/37_w2W4r3usjZE_9_41880_42480_features.csv
37/37_3UP67jkT3xc_5_23160_23720_features.csv
37/37_k36ANsahsm0_8_12840_13160_features.csv
37/37_70aA_f5W2eg_5_14600_15120_features.csv
37/37_ElQUTcP9CXI_5_45480_45840_features.csv
37/37_8ikFug8AtA0_5_17960_18400_features.csv
37/37_Z_c9m0gG9i8_3_126640_127120_features.csv
37/37_LABkCjY1YMY_5_15525_16200_features.csv
37/37__sOvXjWzjhg_6_28680_29440_features.csv
37/37_7v_RZlWxs7I_6_9040_9840_features.csv
37/37_LABkCjY1YMY_5_127775_128125_features.csv
37/37_C7QdnEP_YGI_6_28160_28480_features.csv
37/37_Y_vSE4qGlXg_5_70525_71150_features.csv
37/37_VBC2i8bbqa4_5_58400_58825_features.csv
37/37_ElQUTcP9CXI_5_2960_3440_features.csv
37/37_sJcrfC-jm-M_5_31600_32200_features.csv
37/37_-f3iJKBOm-8_5_155240_155680_features.csv
37/37_G-oIy6FAUlk_10_11040_11640_features.csv
37/37_Y_vSE4qGlXg_5_82000_82600_features.csv
37/37_k36ANsahsm0_8_7800_8200_features.csv
37/37_LABkCjY1YMY_5_73200_73775_features.csv
37/37_xngvsDWg76I_9_256240_256600_features.csv
37/37_pT_tU8anQgE_5_35840_36560_features.csv
37/37_9Qe1tpTAuNY_9_33775_34600_features.csv
37/37_yiuqNGOv6_o_5_6400_6800_features.csv
37/37_74qVhYFaEuM_1_10840_11160_features.csv
37/37_ElQUTcP9CXI_5_8800_9200_features.csv
37/37_WLTE5Xg0kEU_3_28040_28560_features.csv
37/37_IBBhBH6h1hg_6_28800_29280_features.csv
37/37_l88gZYCbR5g_5_18360_18960_features.csv
37/37_3UP67jkT3xc_5_99760_100160_features.csv
37/37_q6eYkkDsMEU_5_73160_73600_features.csv
37/37_AHbS5GEGh1o_5_18880_19480_features.csv
37/37_G-oIy6FAUlk_10_5280_5640_features.csv
37/37_2nd-XLJzOsE_5_54080_54520_features.csv
37/37_bUI64GMzl_Q_10_7600_7920_features.csv
37/37_CdYhKZb2rVo_8_17880_18200_features.csv
37/37_LABkCjY1YMY_5_65575_65925_features.csv
37/37_xngvsDWg76I_9_163760_164200_features.csv
37/37_Y_vSE4qGlXg_5_13560_13920_features.csv
37/37_fAixMqtTw4M_1_62840_63440_features.csv
37/37_fAixMqtTw4M_1_94920_95280_features.csv
37/37_JghTBiAEwNc_5_45240_45720_features.csv
37/37_PfhJdrof8v8_5_15520_15960_features.csv
37/37_-f3iJKBOm-8_5_140480_141080_features.csv
37/37_qM1ejOeP6EI_5_9000_9640_features.csv
37/37_EL1G60MtjeQ_1_165520_165800_features.csv
37/37_WX3UI5TtQQU_9_9480_10520_features.csv
37/37_Y_vSE4qGlXg_5_42720_43200_features.csv
37/37_4aEZM2dzaI4_6_17720_18640_features.csv
37/37__LcXSjZwm_Q_5_124240_125000_features.csv
37/37_Zohg0xfNAv8_5_170300_170800_features.csv
37/37_JghTBiAEwNc_5_7480_8080_features.csv
37/37_yiuqNGOv6_o_5_61240_61880_features.csv
37/37_k36ANsahsm0_8_121800_122160_features.csv
37/37_LABkCjY1YMY_5_3275_3900_features.csv
37/37_Y_vSE4qGlXg_5_27250_27625_features.csv
37/37_LABkCjY1YMY_5_108275_109125_features.csv
37/37_Sy-OLfgn0NY_5_321025_321475_features.csv
37/37_qM1ejOeP6EI_5_82200_82920_features.csv
37/37_AHbS5GEGh1o_5_57480_57960_features.csv
37/37_rbwiOnDjex4_3_49250_49700_features.csv
37/37_bUI64GMzl_Q_10_46800_47360_features.csv
37/37_LABkCjY1YMY_5_39300_39700_features.csv
37/37_PfhJdrof8v8_5_9160_9960_features.csv
37/37_W2RrXo-SE-I_1_223300_223825_features.csv
37/37_aMyljzx7qJs_8_164050_164475_features.csv
37/37_q6eYkkDsMEU_5_62560_63040_features.csv
37/37_znyGvu-Bp28_5_61760_62600_features.csv
37/37_U-px3QJ6XSU_1_14840_15360_features.csv
37/37_rIYSOtAtv48_3_107900_108520_features.csv
37/37_-f3iJKBOm-8_5_30200_30960_features.csv
37/37_BIzEaMHCXiw_5_195480_195960_features.csv
37/37_6CUL9lp60rg_5_681360_681800_features.csv
37/37_G-oIy6FAUlk_10_43920_44640_features.csv
37/37_gQyDV_g0Sv0_9_41120_41440_features.csv
37/37_bUI64GMzl_Q_10_2920_3320_features.csv
37/37_BXAiYnEyX-4_1_11080_11520_features.csv
37/37_MQ3EyC0S7Ik_9_20360_21000_features.csv
37/37_85mDdrBQTIY_3_307280_307720_features.csv
37/37_EL1G60MtjeQ_1_101440_101840_features.csv
37/37_-f3iJKBOm-8_5_54000_54400_features.csv
37/37_8ikFug8AtA0_5_10560_11160_features.csv
37/37_L6NCVoh6YiE_5_94950_95450_features.csv
37/37_Zt_IRWKZeNM_3_18480_19120_features.csv
37/37_LABkCjY1YMY_5_11850_12200_features.csv
37/37_W4oR4lWGp0A_5_29100_29425_features.csv
37/37_IBBhBH6h1hg_6_57440_58160_features.csv
37/37_4byAyOXyn5U_6_71560_72760_features.csv
37/37_ElQUTcP9CXI_5_17720_18160_features.csv
37/37__sOvXjWzjhg_6_63600_64560_features.csv
37/37_znyGvu-Bp28_5_38840_39160_features.csv
37/37_sJcrfC-jm-M_5_93520_93960_features.csv
37/37_LABkCjY1YMY_5_133150_134025_features.csv
37/37_5-j_CKBiRQs_5_57520_57960_features.csv
37/37_F8ZtKUlxNco_5_44520_45120_features.csv
37/37_4viQG8CNp4M_5_119240_119720_features.csv
37/37_pZp41ZEqF-E_5_88600_88880_features.csv
37/37_xngvsDWg76I_9_251560_251920_features.csv
37/37_4byAyOXyn5U_6_35240_36000_features.csv
37/37_G-oIy6FAUlk_10_138720_139000_features.csv
37/37_k36ANsahsm0_8_8720_9680_features.csv
37/37_LABkCjY1YMY_5_111040_112280_features.csv
37/37_cv_amCPZDDQ_3_35920_36560_features.csv
37/37_LABkCjY1YMY_5_143575_143900_features.csv
37/37_zron8Ed237Q_1_48040_48560_features.csv
37/37_DScczXLhnM8_1_25520_25760_features.csv
37/37_3UP67jkT3xc_5_78800_79480_features.csv
13/13_SZRI8ND3EzU_9_50680_51160_features.csv
13/13_SZRI8ND3EzU_9_208240_208760_features.csv
13/13_Z_c9m0gG9i8_3_137760_138320_features.csv
13/13_tu_eDaNW8iM_2_54500_54825_features.csv
13/13_o7_ernQvXQ4_3_95250_95675_features.csv
13/13_FjwiV_apYuw_8_25920_26560_features.csv
13/13_gR2aGrjNE84_2_13875_14050_features.csv
13/13_CrHmtfLAZec_9_157400_157800_features.csv
13/13_-f3iJKBOm-8_5_98400_98950_features.csv
13/13_znyGvu-Bp28_5_88400_88680_features.csv
13/13_Rkm_pr_RAY4_3_116680_117320_features.csv
13/13_hUBJgXS9Rzw_3_246120_246600_features.csv
13/13_W2RrXo-SE-I_1_26725_27125_features.csv
13/13_fAixMqtTw4M_1_106280_106640_features.csv
13/13_DScczXLhnM8_1_33640_33920_features.csv
13/13_70aA_f5W2eg_5_130360_131040_features.csv
13/13_54hyTaGhPFs_5_12360_12880_features.csv
13/13_xLsHnvl2Jyw_9_127480_128080_features.csv
13/13_8j29V2Gcy1M_9_172680_173600_features.csv
13/13_gQyDV_g0Sv0_9_198800_199560_features.csv
13/13_h3oSdHnp__s_10_118320_118880_features.csv
13/13_tu_eDaNW8iM_2_41560_41800_features.csv
13/13_PMKbDvdchpA_3_222775_223275_features.csv
13/13_Z_c9m0gG9i8_3_265880_266560_features.csv
13/13_U-px3QJ6XSU_1_97560_97920_features.csv
13/13_93eIq4QT8Yo_3_15200_15600_features.csv
13/13_PMKbDvdchpA_3_152725_153125_features.csv
13/13_9zZ5PHoNt7E_5_105640_105880_features.csv
13/13_tu_eDaNW8iM_2_22720_22920_features.csv
13/13_70aA_f5W2eg_5_138160_138760_features.csv
13/13_bUI64GMzl_Q_10_146280_147080_features.csv
13/13_Zohg0xfNAv8_5_42175_42675_features.csv
13/13_-f3iJKBOm-8_5_23960_24320_features.csv
13/13_gR2aGrjNE84_2_5640_5960_features.csv
13/13_h3oSdHnp__s_10_5880_6360_features.csv
13/13_SKZIM1S4c78_5_90680_91364_features.csv
13/13_iLz0rQ5ZegY_3_248225_248650_features.csv
13/13_-f3iJKBOm-8_5_95240_95760_features.csv
13/13_r_NG6V4aYek_9_21280_21720_features.csv
13/13_tu_eDaNW8iM_2_12050_12300_features.csv
13/13_PMKbDvdchpA_3_101840_102120_features.csv
13/13_W2RrXo-SE-I_1_93850_94250_features.csv
13/13_bUI64GMzl_Q_10_133040_134080_features.csv
13/13_SZRI8ND3EzU_9_307120_307920_features.csv
13/13_70aA_f5W2eg_5_39400_39720_features.csv
13/13_nY6Ibj5Ud8w_1_142550_142975_features.csv
13/13_aMyljzx7qJs_8_52000_52450_features.csv
13/13_eEnw82ssF00_7_47850_48650_features.csv
13/13_PMKbDvdchpA_3_251450_251725_features.csv
13/13_85mDdrBQTIY_3_225840_226920_features.csv
13/13_PMKbDvdchpA_3_176100_176600_features.csv
13/13_W2RrXo-SE-I_1_78375_78750_features.csv
13/13_Zt_IRWKZeNM_3_80480_80800_features.csv
13/13_JVYvMF536U8_5_88480_88760_features.csv
13/13_6CUL9lp60rg_5_670400_670800_features.csv
13/13_FjwiV_apYuw_8_27760_28320_features.csv
13/13__D83rNB-Bos_1_54320_54880_features.csv
13/13_93eIq4QT8Yo_3_7800_8120_features.csv
13/13_BIzEaMHCXiw_5_192640_193240_features.csv
13/13_pCtiQRICc-0_9_21400_21720_features.csv
13/13_W4oR4lWGp0A_5_146250_146800_features.csv
13/13_85mDdrBQTIY_3_52640_52960_features.csv
13/13_JVYvMF536U8_5_85560_86160_features.csv
13/13_eEnw82ssF00_7_129125_129500_features.csv
13/13_tu_eDaNW8iM_2_40100_40450_features.csv
13/13_PMKbDvdchpA_3_91925_92225_features.csv
13/13_PMKbDvdchpA_3_81625_81975_features.csv
13/13_WX3UI5TtQQU_9_199000_199600_features.csv
13/13_SZRI8ND3EzU_9_89600_90480_features.csv
13/13_iYxytj9B3_I_3_80520_81400_features.csv
13/13_85mDdrBQTIY_3_291040_291560_features.csv
13/13_iYxytj9B3_I_3_116820_117100_features.csv
13/13_WLTE5Xg0kEU_3_170120_170640_features.csv
13/13_nY6Ibj5Ud8w_1_85750_86450_features.csv
13/13_85mDdrBQTIY_3_240640_241360_features.csv
13/13_SZRI8ND3EzU_9_246800_247000_features.csv
13/13_W2RrXo-SE-I_1_35325_35750_features.csv
13/13_5JuNS_vnIYs_3_63800_64400_features.csv
13/13_2nd-XLJzOsE_5_119520_119880_features.csv
13/13_PMKbDvdchpA_3_146550_146900_features.csv
13/13_SZRI8ND3EzU_9_148400_148840_features.csv
13/13_85mDdrBQTIY_3_42400_42760_features.csv
13/13_l611vk1622c_3_49260_49580_features.csv
13/13_JVYvMF536U8_5_118000_118680_features.csv
13/13_-f3iJKBOm-8_5_36440_37160_features.csv
13/13_UQPvjVlIdUc_9_187120_187800_features.csv
13/13_UczPDLSQ8t0_5_36000_36640_features.csv
13/13_UQPvjVlIdUc_9_156800_157480_features.csv
13/13_iYxytj9B3_I_3_182500_182780_features.csv
13/13_SKZIM1S4c78_5_109840_110160_features.csv
13/13_9Qe1tpTAuNY_9_42050_42475_features.csv
13/13_WNEfJytzABo_1_20080_20720_features.csv
13/13_SZRI8ND3EzU_9_215320_216040_features.csv
13/13_PMKbDvdchpA_3_10775_11200_features.csv
13/13_6CUL9lp60rg_5_569400_569960_features.csv
13/13_fIHQbCOce5E_9_80200_81440_features.csv
13/13_W2RrXo-SE-I_1_85125_85475_features.csv
13/13_SZRI8ND3EzU_9_22600_23200_features.csv
13/13_93eIq4QT8Yo_3_12280_12680_features.csv
13/13_NE07pkgSCQQ_3_173075_173550_features.csv
13/13_85mDdrBQTIY_3_138400_138960_features.csv
13/13__D83rNB-Bos_1_44960_45480_features.csv
13/13_SZRI8ND3EzU_9_135400_135640_features.csv
13/13_l88gZYCbR5g_5_54920_55280_features.csv
13/13_PMKbDvdchpA_3_171125_171800_features.csv
13/13_PMKbDvdchpA_3_120325_120900_features.csv
13/13_9zZ5PHoNt7E_5_104100_105025_features.csv
13/13_Zohg0xfNAv8_5_7275_7575_features.csv
13/13_85mDdrBQTIY_3_14680_15360_features.csv
13/13_eM5BQk7WdbM_1_21400_21775_features.csv
13/13_PMKbDvdchpA_3_133500_133875_features.csv
13/13_SZRI8ND3EzU_9_30960_31240_features.csv
13/13_EFSuOojeLjE_10_107040_107400_features.csv
13/13_SZRI8ND3EzU_9_234960_235400_features.csv
13/13_0qeYLvPBJWs_9_137920_138680_features.csv
13/13_tu_eDaNW8iM_2_7825_8125_features.csv
13/13_PMKbDvdchpA_3_116675_117075_features.csv
13/13_iYxytj9B3_I_3_129880_130140_features.csv
13/13_-f3iJKBOm-8_5_76720_77120_features.csv
13/13_VBC2i8bbqa4_5_85960_86360_features.csv
13/13_PMKbDvdchpA_3_125950_126325_features.csv
13/13_W2RrXo-SE-I_1_122750_123150_features.csv
13/13_SZRI8ND3EzU_9_188280_188480_features.csv
13/13_pCtiQRICc-0_9_82160_82880_features.csv
13/13_F8ZtKUlxNco_5_119440_119680_features.csv
13/13_DCEb-mtfXV4_10_35320_36240_features.csv
13/13_eEnw82ssF00_7_122550_122900_features.csv
13/13_L6NCVoh6YiE_5_171960_172360_features.csv
13/13_SZRI8ND3EzU_9_39600_40320_features.csv
13/13_OU7hkPpVByc_1_39840_40120_features.csv
13/13_V3_vJEWGUlw_3_120920_121680_features.csv
13/13_DScczXLhnM8_1_74880_75160_features.csv
13/13_tu_eDaNW8iM_2_47150_47450_features.csv
13/13_PMKbDvdchpA_3_167175_167700_features.csv
13/13_r_NG6V4aYek_9_213920_214120_features.csv
13/13_9sK0M5PkKZ4_9_311960_312640_features.csv
13/13_eEnw82ssF00_7_51075_51350_features.csv
13/13_l611vk1622c_3_45920_46480_features.csv
13/13_NE07pkgSCQQ_3_174675_175175_features.csv
13/13_iYxytj9B3_I_3_103340_103800_features.csv
13/13_1Huba-w4Mog_9_47720_48440_features.csv
13/13_PMKbDvdchpA_3_128375_128650_features.csv
13/13_85mDdrBQTIY_3_106880_107400_features.csv
13/13_Ljl65NHBfsM_7_41880_42160_features.csv
13/13_85mDdrBQTIY_3_50240_50520_features.csv
13/13_Zohg0xfNAv8_5_78825_79325_features.csv
13/13_eM5BQk7WdbM_1_26800_27200_features.csv
13/13_PMKbDvdchpA_3_130275_131000_features.csv
13/13_85mDdrBQTIY_3_57720_58200_features.csv
13/13_iYxytj9B3_I_3_87920_88540_features.csv
13/13_CD6bKEcBQkQ_9_71325_72025_features.csv
13/13_WX3UI5TtQQU_9_512040_512760_features.csv
13/13_SZRI8ND3EzU_9_216720_217240_features.csv
13/13_W2RrXo-SE-I_1_47625_48050_features.csv
13/13_SKZIM1S4c78_5_118520_118920_features.csv
13/13_wgmHta_ijns_9_78160_78400_features.csv
13/13_iYxytj9B3_I_3_155100_155320_features.csv
13/13_WLTE5Xg0kEU_3_121960_122760_features.csv
13/13_OU7hkPpVByc_1_42800_43080_features.csv
13/13_SKZIM1S4c78_5_110880_111120_features.csv
13/13_W2RrXo-SE-I_1_76125_76450_features.csv
13/13_6CUL9lp60rg_5_579360_579680_features.csv
13/13_SZRI8ND3EzU_9_51400_51720_features.csv
13/13_UQPvjVlIdUc_9_250160_250520_features.csv
13/13_bUI64GMzl_Q_10_148120_149080_features.csv
13/13_hUBJgXS9Rzw_3_68080_68360_features.csv
13/13_Zt_IRWKZeNM_3_84080_84320_features.csv
13/13_r_NG6V4aYek_9_254200_254400_features.csv
13/13_SZRI8ND3EzU_9_74360_74560_features.csv
13/13_pCtiQRICc-0_9_65400_66360_features.csv
13/13_tu_eDaNW8iM_2_58680_59000_features.csv
13/13_eEnw82ssF00_7_121575_122050_features.csv
13/13_iYxytj9B3_I_3_150660_151020_features.csv
13/13_nY6Ibj5Ud8w_1_176250_176525_features.csv
13/13_F8ZtKUlxNco_5_118050_118625_features.csv
13/13_DScczXLhnM8_1_54480_54800_features.csv
13/13_Rkm_pr_RAY4_3_109000_109520_features.csv
13/13_SKZIM1S4c78_5_134280_134520_features.csv
13/13_70aA_f5W2eg_5_96480_96920_features.csv
13/13_PMKbDvdchpA_3_161050_161600_features.csv
13/13_EFSuOojeLjE_10_109920_110160_features.csv
13/13_SKZIM1S4c78_5_62280_62720_features.csv
13/13_85mDdrBQTIY_3_23280_24000_features.csv
13/13_PMKbDvdchpA_3_214375_214800_features.csv
13/13_6CUL9lp60rg_5_825520_825800_features.csv
13/13_PMKbDvdchpA_3_157525_158075_features.csv
13/13_Zohg0xfNAv8_5_54520_54720_features.csv
13/13_PMKbDvdchpA_3_112075_112575_features.csv
13/13_DCEb-mtfXV4_10_72400_73160_features.csv
13/13_fAixMqtTw4M_1_105240_105640_features.csv
13/13_6CUL9lp60rg_5_718800_719160_features.csv
13/13_EFSuOojeLjE_10_97720_98400_features.csv
13/13_PMKbDvdchpA_3_17650_18100_features.csv
13/13_r_NG6V4aYek_9_243320_243760_features.csv
13/13_UczPDLSQ8t0_5_107240_107560_features.csv
13/13_UczPDLSQ8t0_5_71560_72080_features.csv
13/13_D9fwn7c9xVQ_9_174520_174720_features.csv
13/13_pCtiQRICc-0_9_2600_3200_features.csv
13/13_SKZIM1S4c78_5_37520_38000_features.csv
13/13_-f3iJKBOm-8_5_66440_67160_features.csv
13/13_5JuNS_vnIYs_3_30040_30680_features.csv
13/13_h3oSdHnp__s_10_12360_12720_features.csv
13/13_SZRI8ND3EzU_9_15720_16400_features.csv
13/13_SZRI8ND3EzU_9_13160_13440_features.csv
13/13_SZRI8ND3EzU_9_108040_108880_features.csv
13/13_r_NG6V4aYek_9_229400_229960_features.csv
13/13_CrHmtfLAZec_9_167400_168000_features.csv
13/13_UQPvjVlIdUc_9_118120_118400_features.csv
13/13_hUBJgXS9Rzw_3_53440_53840_features.csv
13/13_NE07pkgSCQQ_3_101475_102325_features.csv
13/13_6CUL9lp60rg_5_623760_624360_features.csv
13/13_-f3iJKBOm-8_5_90000_90480_features.csv
13/13_o7_ernQvXQ4_3_96600_97075_features.csv
13/13_Zt_IRWKZeNM_3_150120_150560_features.csv
13/13_DScczXLhnM8_1_12200_12560_features.csv
13/13_unh-5lZtCtw_9_76600_77200_features.csv
13/13_L6NCVoh6YiE_5_190200_190560_features.csv
13/13_85mDdrBQTIY_3_332120_333440_features.csv
13/13__LcXSjZwm_Q_5_38600_39040_features.csv
13/13_SZRI8ND3EzU_9_202200_202800_features.csv
13/13_r_NG6V4aYek_9_210400_211240_features.csv
13/13_PMKbDvdchpA_3_139050_139450_features.csv
13/13_70aA_f5W2eg_5_9520_9840_features.csv
13/13_LZa-kCvTstE_5_96225_96700_features.csv
13/13_WX3UI5TtQQU_9_207200_207720_features.csv
13/13_6CUL9lp60rg_5_22360_22640_features.csv
13/13_70aA_f5W2eg_5_36680_37520_features.csv
13/13_SKZIM1S4c78_5_130480_130880_features.csv
13/13_UQPvjVlIdUc_9_243080_244240_features.csv
13/13_6CUL9lp60rg_5_629160_629760_features.csv
13/13_UABroDHd4q4_3_95125_96000_features.csv
13/13_tu_eDaNW8iM_2_26720_27320_features.csv
13/13_hUBJgXS9Rzw_3_127600_127920_features.csv
13/13_VBC2i8bbqa4_5_148760_149080_features.csv
13/13_nY6Ibj5Ud8w_1_249050_249300_features.csv
13/13_UQPvjVlIdUc_9_196400_196640_features.csv
13/13_SZRI8ND3EzU_9_302760_303480_features.csv
13/13_PMKbDvdchpA_3_35875_36625_features.csv
13/13_SZRI8ND3EzU_9_262320_263040_features.csv
13/13_3UP67jkT3xc_5_185200_185680_features.csv
5/5_WX3UI5TtQQU_9_261160_261440_features.csv
5/5_SoDMi4-bSgo_7_2850_3250_features.csv
5/5_D9fwn7c9xVQ_9_122720_123600_features.csv
5/5_3UP67jkT3xc_5_144000_144240_features.csv
5/5_Zt_IRWKZeNM_3_73480_73840_features.csv
5/5_BIzEaMHCXiw_5_237280_237680_features.csv
5/5_WLTE5Xg0kEU_3_55600_55840_features.csv
5/5_3UP67jkT3xc_5_154840_155280_features.csv
5/5_dkMY6WD6oRY_3_31960_32400_features.csv
5/5_l88gZYCbR5g_5_91440_91760_features.csv
5/5_eEnw82ssF00_7_111640_112360_features.csv
5/5_xngvsDWg76I_9_229760_230280_features.csv
5/5_fIHQbCOce5E_9_67280_67520_features.csv
5/5_M1xszBRw9Ro_10_387240_387440_features.csv
5/5_UABroDHd4q4_3_168925_169425_features.csv
5/5_r_NG6V4aYek_9_56680_57160_features.csv
5/5_QfV-GOnjBcE_1_33525_33850_features.csv
5/5_Z_c9m0gG9i8_3_86800_87880_features.csv
5/5_BIzEaMHCXiw_5_425800_426280_features.csv
5/5_WX3UI5TtQQU_9_421160_421520_features.csv
5/5_BIzEaMHCXiw_5_352720_353200_features.csv
5/5_aJemwxTbM0E_9_172875_173225_features.csv
5/5_ysz0CjirP84_9_11480_12400_features.csv
5/5_QfV-GOnjBcE_1_50560_50800_features.csv
5/5_l88gZYCbR5g_5_22320_22920_features.csv
5/5_Ss66tHhsdro_6_19360_19720_features.csv
5/5_3UP67jkT3xc_5_118360_118760_features.csv
5/5_g0JVrfPwaV0_1_32720_32840_features.csv
5/5_WLTE5Xg0kEU_3_169400_169880_features.csv
5/5_M1xszBRw9Ro_10_77400_78000_features.csv
5/5_Ss66tHhsdro_6_207350_207700_features.csv
5/5_WX3UI5TtQQU_9_98760_99400_features.csv
5/5_PWuysv8N7D0_9_66840_67120_features.csv
5/5_CrHmtfLAZec_9_183720_184080_features.csv
5/5_spf1l3dAP68_3_153280_153560_features.csv
5/5_Ss66tHhsdro_6_115720_116080_features.csv
5/5_bUI64GMzl_Q_10_134200_134720_features.csv
5/5_uYIHRM0YcT8_9_118375_118825_features.csv
5/5_h3oSdHnp__s_10_60440_60840_features.csv
5/5_5-j_CKBiRQs_5_12240_12600_features.csv
5/5_g0JVrfPwaV0_1_58840_59040_features.csv
5/5_uBrakY05r9M_5_23040_23720_features.csv
5/5_WX3UI5TtQQU_9_75160_75560_features.csv
5/5_5-j_CKBiRQs_5_18200_18640_features.csv
5/5_g0JVrfPwaV0_1_9520_9840_features.csv
5/5_QfV-GOnjBcE_1_50040_50480_features.csv
5/5_85mDdrBQTIY_3_45120_45320_features.csv
5/5_iewVxXrMVj0_5_28080_28440_features.csv
5/5_Z_c9m0gG9i8_3_367640_367880_features.csv
5/5_g0JVrfPwaV0_1_31280_31800_features.csv
5/5_WX3UI5TtQQU_9_233360_233720_features.csv
5/5_r_NG6V4aYek_9_85120_85400_features.csv
5/5_WX3UI5TtQQU_9_93080_93840_features.csv
5/5_HCf93Ng8W_M_6_28880_29600_features.csv
5/5_Z_c9m0gG9i8_3_108880_109360_features.csv
5/5_WLTE5Xg0kEU_3_265440_266200_features.csv
5/5_wKW6he7wPpg_10_27160_27520_features.csv
5/5_r_NG6V4aYek_9_53280_53520_features.csv
5/5_-f3iJKBOm-8_5_74640_74960_features.csv
5/5_g7MYVJ9vj7g_6_23550_24425_features.csv
5/5_NE07pkgSCQQ_3_195160_195480_features.csv
5/5_Ss66tHhsdro_6_36520_36880_features.csv
5/5_85mDdrBQTIY_3_310520_310960_features.csv
5/5_ysz0CjirP84_9_57040_57560_features.csv
5/5_l88gZYCbR5g_5_101720_102200_features.csv
5/5_C7QdnEP_YGI_6_33880_34480_features.csv
5/5_g0JVrfPwaV0_1_7040_7360_features.csv
5/5_Z_c9m0gG9i8_3_485840_486320_features.csv
5/5_70aA_f5W2eg_5_40720_41080_features.csv
5/5_0qeYLvPBJWs_9_111160_112000_features.csv
5/5_-f3iJKBOm-8_5_129720_130080_features.csv
5/5_L6NCVoh6YiE_5_196120_196720_features.csv
5/5_l611vk1622c_3_79600_80100_features.csv
5/5_UABroDHd4q4_3_91425_91850_features.csv
5/5_uYIHRM0YcT8_9_155825_156275_features.csv
5/5_l88gZYCbR5g_5_98560_99000_features.csv
5/5_85mDdrBQTIY_3_311280_311640_features.csv
5/5_BIzEaMHCXiw_5_428640_429040_features.csv
5/5_uBrakY05r9M_5_45840_46280_features.csv
5/5_eEnw82ssF00_7_275200_275800_features.csv
5/5_Z_c9m0gG9i8_3_243360_244040_features.csv
5/5_BIzEaMHCXiw_5_411200_412000_features.csv
5/5_r_NG6V4aYek_9_232240_232960_features.csv
5/5_WLTE5Xg0kEU_3_118960_119480_features.csv
5/5_BIzEaMHCXiw_5_266760_267240_features.csv
5/5_-f3iJKBOm-8_5_63240_63720_features.csv
5/5_2y2MnHD4i8o_6_17240_18200_features.csv
5/5_fAixMqtTw4M_1_131440_131800_features.csv
5/5_iLz0rQ5ZegY_3_212175_212550_features.csv
5/5_eEnw82ssF00_7_162320_163000_features.csv
5/5_Z_c9m0gG9i8_3_184320_184680_features.csv
5/5_pCtiQRICc-0_9_60840_61560_features.csv
5/5_BIzEaMHCXiw_5_417880_418360_features.csv
5/5_QfV-GOnjBcE_1_52200_52640_features.csv
5/5_BIzEaMHCXiw_5_253160_253560_features.csv
5/5_4hnp5xIWiwQ_9_75360_76080_features.csv
5/5_CrHmtfLAZec_9_61760_62240_features.csv
5/5_WLTE5Xg0kEU_3_53560_54240_features.csv
5/5_85mDdrBQTIY_3_113360_113640_features.csv
5/5_Z_c9m0gG9i8_3_120000_120520_features.csv
5/5_Z_c9m0gG9i8_3_178880_179320_features.csv
5/5_aJemwxTbM0E_9_47250_47600_features.csv
5/5_Z_c9m0gG9i8_3_328440_328760_features.csv
5/5_ysz0CjirP84_9_65680_66360_features.csv
5/5_WX3UI5TtQQU_9_184720_185200_features.csv
5/5_BIzEaMHCXiw_5_25560_25760_features.csv
5/5_yyZxrkIa1-Y_9_24840_25520_features.csv
5/5_-HHHkGgrNO8_7_4560_4920_features.csv
5/5_WLTE5Xg0kEU_3_100400_100800_features.csv
5/5_Zt_IRWKZeNM_3_154040_154720_features.csv
5/5_NE07pkgSCQQ_3_78925_79150_features.csv
5/5_BIzEaMHCXiw_5_67040_67600_features.csv
5/5_U-px3QJ6XSU_1_44520_45000_features.csv
5/5_BIzEaMHCXiw_5_401160_401640_features.csv
5/5_HSbkP5mw8n4_1_117360_117600_features.csv
5/5_WLTE5Xg0kEU_3_108160_108520_features.csv
5/5_eEnw82ssF00_7_169760_170520_features.csv
5/5_NE07pkgSCQQ_3_22850_23350_features.csv
5/5_r_NG6V4aYek_9_74000_74400_features.csv
5/5_U-px3QJ6XSU_1_72560_72800_features.csv
5/5_Z_c9m0gG9i8_3_288040_288360_features.csv
5/5_QfV-GOnjBcE_1_30840_31080_features.csv
5/5_eEnw82ssF00_7_144720_145240_features.csv
5/5_uWQV03Uryco_7_29000_29600_features.csv
5/5_V3_vJEWGUlw_3_35920_36560_features.csv
5/5_-HHHkGgrNO8_7_101320_101760_features.csv
5/5_q36fZcYH3fc_3_149675_150075_features.csv
5/5_U-px3QJ6XSU_1_57520_57920_features.csv
5/5_D9fwn7c9xVQ_9_105200_105840_features.csv
5/5_aJemwxTbM0E_9_73900_74575_features.csv
5/5_Z_c9m0gG9i8_3_4760_5240_features.csv
5/5_fIHQbCOce5E_9_52200_52760_features.csv
5/5_eEnw82ssF00_7_20720_21600_features.csv
5/5_fAixMqtTw4M_1_129640_130040_features.csv
5/5_eEnw82ssF00_7_17960_18400_features.csv
5/5_hIBj-HoPJhI_3_10480_11200_features.csv
5/5_uWQV03Uryco_7_17560_18080_features.csv
5/5_UQPvjVlIdUc_9_219000_219760_features.csv
5/5_BIzEaMHCXiw_5_35360_35600_features.csv
5/5_spf1l3dAP68_3_26760_27040_features.csv
5/5_PWuysv8N7D0_9_77600_77840_features.csv
5/5_6CUL9lp60rg_5_10400_11360_features.csv
5/5_WLTE5Xg0kEU_3_261360_261840_features.csv
5/5_Z_c9m0gG9i8_3_82360_83080_features.csv
5/5_CrHmtfLAZec_9_212680_213160_features.csv
5/5_yyZxrkIa1-Y_9_20800_21480_features.csv
5/5_Y_vSE4qGlXg_5_145160_145640_features.csv
5/5_L6NCVoh6YiE_5_222800_223040_features.csv
5/5_uWQV03Uryco_7_61160_61520_features.csv
5/5_Z_c9m0gG9i8_3_483760_484200_features.csv
5/5_WX3UI5TtQQU_9_420560_421080_features.csv
5/5_L6NCVoh6YiE_5_208600_208840_features.csv
5/5__D83rNB-Bos_1_39520_40200_features.csv
5/5_Z_c9m0gG9i8_3_160440_160760_features.csv
5/5_BIzEaMHCXiw_5_232520_232920_features.csv
5/5_0E0-Ql8bgl0_6_23800_24480_features.csv
5/5_NE07pkgSCQQ_3_193325_193850_features.csv
5/5_Y_vSE4qGlXg_5_156425_156750_features.csv
5/5_vG2jP8oVSuE_7_37000_37320_features.csv
5/5_Ss66tHhsdro_6_121650_122050_features.csv
5/5_r_NG6V4aYek_9_94880_95160_features.csv
5/5_M1xszBRw9Ro_10_353960_354840_features.csv
5/5_Z_c9m0gG9i8_3_314640_315000_features.csv
5/5_QfV-GOnjBcE_1_49520_49800_features.csv
5/5_l611vk1622c_3_77480_77880_features.csv
5/5_Z_c9m0gG9i8_3_117960_118440_features.csv
5/5_l88gZYCbR5g_5_46360_46840_features.csv
5/5_Y_vSE4qGlXg_5_79225_79425_features.csv
5/5_uBrakY05r9M_5_153200_153720_features.csv
5/5_Z_c9m0gG9i8_3_99800_100200_features.csv
5/5_h3oSdHnp__s_10_106840_107240_features.csv
5/5_WX3UI5TtQQU_9_243880_244400_features.csv
5/5_Z_c9m0gG9i8_3_175680_176000_features.csv
5/5_iewVxXrMVj0_5_60200_60920_features.csv
5/5_aJemwxTbM0E_9_81275_82125_features.csv
5/5_bUI64GMzl_Q_10_141880_142120_features.csv
5/5_PMKbDvdchpA_3_267950_268450_features.csv
5/5_eEnw82ssF00_7_172920_173440_features.csv
5/5_Z_c9m0gG9i8_3_115160_115720_features.csv
5/5_U-px3QJ6XSU_1_32920_33200_features.csv
5/5_yiuqNGOv6_o_5_34200_34440_features.csv
5/5_eEnw82ssF00_7_325000_325320_features.csv
5/5_spf1l3dAP68_3_88240_88520_features.csv
5/5_6CUL9lp60rg_5_70920_71360_features.csv
5/5_cv_amCPZDDQ_3_139360_139920_features.csv
5/5_Z_c9m0gG9i8_3_326440_326720_features.csv
5/5_QfV-GOnjBcE_1_74840_75200_features.csv
5/5_Z_c9m0gG9i8_3_11840_12440_features.csv
5/5_uWQV03Uryco_7_51120_51720_features.csv
5/5_NE07pkgSCQQ_3_14025_14600_features.csv
5/5_fIHQbCOce5E_9_64240_64520_features.csv
5/5_r_NG6V4aYek_9_63920_64360_features.csv
5/5_eEnw82ssF00_7_28080_28560_features.csv
5/5_BIzEaMHCXiw_5_204960_205320_features.csv
5/5_l88gZYCbR5g_5_90480_91320_features.csv
5/5_0qeYLvPBJWs_9_47640_48160_features.csv
5/5_4viQG8CNp4M_5_38560_39080_features.csv
5/5_HCf93Ng8W_M_6_79960_80640_features.csv
5/5_bUI64GMzl_Q_10_144360_145080_features.csv
5/5_6CUL9lp60rg_5_36360_37240_features.csv
5/5_-f3iJKBOm-8_5_125000_125440_features.csv
5/5_HCf93Ng8W_M_6_44160_44840_features.csv
5/5_ysz0CjirP84_9_26600_27000_features.csv
5/5_BIzEaMHCXiw_5_43520_43920_features.csv
5/5_EFSuOojeLjE_10_126760_127000_features.csv
5/5_V3_vJEWGUlw_3_132920_133360_features.csv
5/5_hUBJgXS9Rzw_3_11400_11840_features.csv
5/5_iewVxXrMVj0_5_39080_39400_features.csv
5/5_WX3UI5TtQQU_9_113120_113560_features.csv
5/5_BIzEaMHCXiw_5_354640_354920_features.csv
5/5_WX3UI5TtQQU_9_436800_437200_features.csv
5/5_M1xszBRw9Ro_10_357240_357640_features.csv
5/5_cv_amCPZDDQ_3_150080_150320_features.csv
5/5_SZRI8ND3EzU_9_39040_39440_features.csv
5/5_Z_c9m0gG9i8_3_402720_402960_features.csv
5/5_Z_c9m0gG9i8_3_250880_251240_features.csv
5/5_dEBaTqI-mS8_3_77320_77640_features.csv
5/5_g0JVrfPwaV0_1_4880_5320_features.csv
5/5_aJemwxTbM0E_9_67225_67575_features.csv
5/5_BIzEaMHCXiw_5_38880_39200_features.csv
5/5_QfV-GOnjBcE_1_24680_24840_features.csv
5/5_85mDdrBQTIY_3_40120_40520_features.csv
5/5_eEnw82ssF00_7_245920_246680_features.csv
5/5_eEnw82ssF00_7_316280_316760_features.csv
5/5_aJemwxTbM0E_9_19500_20375_features.csv
5/5_CrHmtfLAZec_9_43080_43880_features.csv
5/5_bUI64GMzl_Q_10_63360_63840_features.csv
5/5_fIHQbCOce5E_9_48520_49120_features.csv
5/5_Z_c9m0gG9i8_3_389360_389560_features.csv
5/5_Zt_IRWKZeNM_3_69920_70200_features.csv
5/5_iewVxXrMVj0_5_75600_75960_features.csv
5/5_Z_c9m0gG9i8_3_180040_180240_features.csv
5/5_hUBJgXS9Rzw_3_13760_14240_features.csv
5/5_BIzEaMHCXiw_5_404440_404680_features.csv
5/5_yyZxrkIa1-Y_9_41200_42120_features.csv
2/2_DScczXLhnM8_1_21120_21760_features.csv
2/2_dKNNEbICWSY_5_59075_59800_features.csv
2/2_o7_ernQvXQ4_3_60600_61025_features.csv
2/2_70aA_f5W2eg_5_141880_142280_features.csv
2/2_2Jl03q6tsRw_9_5840_6480_features.csv
2/2_q36fZcYH3fc_3_77125_77525_features.csv
2/2_PViDFh6IYAk_5_59920_60720_features.csv
2/2_o7_ernQvXQ4_3_106425_106825_features.csv
2/2_QP6Lh2cypZU_9_128800_129400_features.csv
2/2_vyGbKTk-gzg_3_120800_121320_features.csv
2/2_QP6Lh2cypZU_9_148400_149200_features.csv
2/2_wgmHta_ijns_9_62960_63800_features.csv
2/2_vyGbKTk-gzg_3_102400_102920_features.csv
2/2_uYIHRM0YcT8_9_42675_43075_features.csv
2/2_pCtiQRICc-0_9_87480_88160_features.csv
2/2_0qeYLvPBJWs_9_140640_141320_features.csv
2/2_EFSuOojeLjE_10_32920_33320_features.csv
2/2_q_iwTyy6O8k_9_87600_88075_features.csv
2/2_W50BB1aT094_6_124675_125025_features.csv
2/2_o7_ernQvXQ4_3_97800_98250_features.csv
2/2_CdYhKZb2rVo_8_99280_99920_features.csv
2/2_EFSuOojeLjE_10_92640_92960_features.csv
2/2_AHbS5GEGh1o_5_126240_126800_features.csv
2/2_pTyFGqAdi4A_9_44720_45000_features.csv
2/2_uBrakY05r9M_5_142080_142520_features.csv
2/2_MaZUl_KP8Ao_6_34360_34880_features.csv
2/2_CrHmtfLAZec_9_203600_204040_features.csv
2/2_BXAiYnEyX-4_1_85440_86160_features.csv
2/2_xngvsDWg76I_9_267240_267800_features.csv
2/2_uYIHRM0YcT8_9_5025_5300_features.csv
2/2_QP6Lh2cypZU_9_12880_13600_features.csv
2/2_1Huba-w4Mog_9_32920_33360_features.csv
2/2_2y2MnHD4i8o_6_36640_36920_features.csv
2/2_1orehjW53lo_3_3560_4000_features.csv
2/2_gQyDV_g0Sv0_9_157960_158840_features.csv
2/2_PteWobzf9ag_10_114160_114840_features.csv
2/2_QP6Lh2cypZU_9_70320_70720_features.csv
2/2_cv_amCPZDDQ_3_68000_69000_features.csv
2/2_M1xszBRw9Ro_10_238760_239120_features.csv
2/2_hUBJgXS9Rzw_3_100400_101000_features.csv
2/2_M1xszBRw9Ro_10_37760_38400_features.csv
2/2_74qVhYFaEuM_1_26600_26960_features.csv
2/2_UQPvjVlIdUc_9_125040_125560_features.csv
2/2_2y2MnHD4i8o_6_56000_56600_features.csv
2/2_PteWobzf9ag_10_116080_116440_features.csv
2/2_QP6Lh2cypZU_9_17040_17600_features.csv
2/2_9sK0M5PkKZ4_9_87120_87720_features.csv
2/2_EFSuOojeLjE_10_129360_129680_features.csv
2/2_QP6Lh2cypZU_9_164920_165360_features.csv
2/2_EFSuOojeLjE_10_90720_91040_features.csv
2/2_FjwiV_apYuw_8_14880_15400_features.csv
2/2_FhpfERsdST8_3_53960_54520_features.csv
2/2_WX3UI5TtQQU_9_31400_32280_features.csv
2/2_2y2MnHD4i8o_6_15160_15720_features.csv
2/2_o7_ernQvXQ4_3_70650_71150_features.csv
2/2_PteWobzf9ag_10_139560_140040_features.csv
2/2_9zZ5PHoNt7E_5_197125_197375_features.csv
2/2_xngvsDWg76I_9_326960_327600_features.csv
2/2_HCf93Ng8W_M_6_84100_84550_features.csv
2/2_uBrakY05r9M_5_74760_75160_features.csv
2/2_EFSuOojeLjE_10_53040_53360_features.csv
2/2_fAixMqtTw4M_1_136040_136520_features.csv
2/2_Sbqr-bH0-dI_3_89720_90520_features.csv
2/2_q36fZcYH3fc_3_84000_84325_features.csv
2/2_V3_vJEWGUlw_3_11960_12480_features.csv
2/2_Rkm_pr_RAY4_3_41240_41560_features.csv
2/2_QP6Lh2cypZU_9_8240_8680_features.csv
2/2_xngvsDWg76I_9_300280_301480_features.csv
2/2_QP6Lh2cypZU_9_28280_29000_features.csv
2/2_uBrakY05r9M_5_66400_66840_features.csv
2/2_PfhJdrof8v8_5_26840_27320_features.csv
2/2__sOvXjWzjhg_6_86520_86960_features.csv
2/2_bN8xiV0toNI_5_118360_118880_features.csv
2/2_bN8xiV0toNI_5_37480_38160_features.csv
2/2_2Jl03q6tsRw_9_8320_8800_features.csv
2/2_VMoazggJVD0_9_17520_18600_features.csv
2/2_OOWZ3yh9-Qc_6_28525_29075_features.csv
2/2_D9fwn7c9xVQ_9_120160_121120_features.csv
2/2_-f3iJKBOm-8_5_17720_18320_features.csv
2/2_Dc7A-zC9x3I_1_61560_61960_features.csv
2/2_V3_vJEWGUlw_3_4160_4680_features.csv
2/2_ZVbD1_PPs9A_6_42800_43200_features.csv
2/2_h3oSdHnp__s_10_20160_20800_features.csv
2/2_CdYhKZb2rVo_8_104520_104800_features.csv
2/2_uBrakY05r9M_5_69040_69760_features.csv
2/2_nY6Ibj5Ud8w_1_159050_159450_features.csv
2/2_QP6Lh2cypZU_9_159440_160240_features.csv
2/2_wKW6he7wPpg_10_32920_33600_features.csv
2/2_k36ANsahsm0_8_107240_107600_features.csv
2/2_bN8xiV0toNI_5_21080_21760_features.csv
2/2_pTyFGqAdi4A_9_27200_27800_features.csv
2/2_0qeYLvPBJWs_9_123360_124480_features.csv
2/2_Zpy_fOS22pg_5_26400_26880_features.csv
2/2_QP6Lh2cypZU_9_136320_136880_features.csv
2/2_nY6Ibj5Ud8w_1_270650_271200_features.csv
2/2_QP6Lh2cypZU_9_25080_25720_features.csv
2/2_M1xszBRw9Ro_10_16200_17120_features.csv
2/2_uYIHRM0YcT8_9_125600_125900_features.csv
2/2_VMoazggJVD0_9_34240_34840_features.csv
2/2_HCf93Ng8W_M_6_87325_87975_features.csv
2/2_UQPvjVlIdUc_9_186200_186520_features.csv
2/2__sOvXjWzjhg_6_119080_119520_features.csv
2/2_EFSuOojeLjE_10_110280_110560_features.csv
2/2_wgmHta_ijns_9_82760_83320_features.csv
2/2_wKW6he7wPpg_10_38400_39280_features.csv
2/2_2y2MnHD4i8o_6_66520_67160_features.csv
2/2__sOvXjWzjhg_6_109280_109840_features.csv
2/2_MQ3EyC0S7Ik_9_110440_111160_features.csv
2/2_QP6Lh2cypZU_9_131840_132640_features.csv
2/2_QdeWaRVI0Y8_1_140320_140720_features.csv
2/2_bLvyP8PvPS8_5_187080_187560_features.csv
2/2_pTyFGqAdi4A_9_21600_22240_features.csv
2/2_uBrakY05r9M_5_160520_161200_features.csv
2/2_bN8xiV0toNI_5_49240_49720_features.csv
2/2_OOWZ3yh9-Qc_6_22080_22720_features.csv
2/2_aJemwxTbM0E_9_229775_230100_features.csv
2/2_SZRI8ND3EzU_9_221200_221840_features.csv
2/2_W50BB1aT094_6_155325_155700_features.csv
2/2_C7QdnEP_YGI_6_38320_38880_features.csv
2/2_FjwiV_apYuw_8_26680_27080_features.csv
2/2_Ss66tHhsdro_6_100050_100700_features.csv
2/2__LcXSjZwm_Q_5_178920_179520_features.csv
2/2_fAixMqtTw4M_1_85360_85840_features.csv
2/2_DScczXLhnM8_1_30120_30480_features.csv
2/2_PteWobzf9ag_10_16640_16920_features.csv
2/2_g0JVrfPwaV0_1_14200_14560_features.csv
2/2_j3qyr4JjZKw_6_8725_9200_features.csv
27/27_6gwIyDawfiQ_5_15240_15960_features.csv
27/27_EHumoIaIfbU_1_29400_29720_features.csv
27/27_8ikFug8AtA0_5_72320_72760_features.csv
27/27__HcChWJ-6Ug_1_153560_153840_features.csv
27/27_yiuqNGOv6_o_5_79600_80080_features.csv
27/27_MQPsAcJxYbk_1_39200_39680_features.csv
27/27_6CUL9lp60rg_5_143600_144440_features.csv
27/27_uYIHRM0YcT8_9_122425_122800_features.csv
27/27_iYxytj9B3_I_3_49680_50040_features.csv
27/27_kQ6tVot9iHg_9_8640_9640_features.csv
27/27_Z_c9m0gG9i8_3_306720_307000_features.csv
27/27_9Qe1tpTAuNY_9_93950_94225_features.csv
27/27_Wz1B6prEk1M_1_21240_21520_features.csv
27/27_aJemwxTbM0E_9_30440_31200_features.csv
27/27_dCTAfv0_xBI_5_14000_14560_features.csv
27/27_aJemwxTbM0E_9_152900_153400_features.csv
27/27_vZpFowr2i8k_3_9520_9960_features.csv
27/27_vZpFowr2i8k_3_32840_33360_features.csv
27/27_kS1u_YtKvwc_2_7825_8125_features.csv
27/27_PMKbDvdchpA_3_48825_49025_features.csv
27/27_hIBj-HoPJhI_3_28000_28320_features.csv
27/27_WX3UI5TtQQU_9_101280_101600_features.csv
27/27_CD6bKEcBQkQ_9_72250_72600_features.csv
27/27_QHUQlQdmZQE_2_15560_15800_features.csv
27/27_EHumoIaIfbU_1_38360_38640_features.csv
27/27_MQ3EyC0S7Ik_9_36480_37320_features.csv
27/27_uWQV03Uryco_7_94160_94560_features.csv
27/27_xLsHnvl2Jyw_9_116840_117200_features.csv
27/27_AWBeuvAlNic_9_19160_19560_features.csv
27/27_Y_vSE4qGlXg_5_198200_199125_features.csv
27/27_odXbItlRjNg_5_356960_357520_features.csv
27/27__HcChWJ-6Ug_1_144880_145280_features.csv
27/27_CrHmtfLAZec_9_40400_40920_features.csv
27/27_85mDdrBQTIY_3_53600_53920_features.csv
27/27_WX3UI5TtQQU_9_51880_52280_features.csv
27/27_IlgY_gb74zw_3_8560_8840_features.csv
27/27_lJLgmX4mK5Q_9_12600_13200_features.csv
27/27_r_NG6V4aYek_9_28400_28680_features.csv
27/27_yiuqNGOv6_o_5_12400_12920_features.csv
27/27_Wz1B6prEk1M_1_74360_74600_features.csv
27/27_W2RrXo-SE-I_1_127825_128000_features.csv
27/27_WX3UI5TtQQU_9_103800_104240_features.csv
27/27_r_NG6V4aYek_9_171880_172480_features.csv
27/27_1Huba-w4Mog_9_102280_102800_features.csv
27/27_4viQG8CNp4M_5_141640_142040_features.csv
27/27_kEz3DVWNF8w_5_17500_17950_features.csv
27/27_Z_c9m0gG9i8_3_457560_457920_features.csv
27/27_UABroDHd4q4_3_181150_181600_features.csv
27/27_FhpfERsdST8_3_122560_122920_features.csv
27/27_ysz0CjirP84_9_116200_116760_features.csv
27/27_eEnw82ssF00_7_54920_55320_features.csv
27/27_MddOAfQQ6TY_1_19560_20040_features.csv
27/27_aMyljzx7qJs_8_54160_54440_features.csv
27/27_SZRI8ND3EzU_9_155440_155960_features.csv
27/27_uYIHRM0YcT8_9_197375_197900_features.csv
27/27_EHumoIaIfbU_1_36600_36880_features.csv
27/27_vZpFowr2i8k_3_24560_24920_features.csv
27/27_unh-5lZtCtw_9_49800_50160_features.csv
27/27_QdeWaRVI0Y8_1_111160_112120_features.csv
27/27_Ljl65NHBfsM_7_43880_44440_features.csv
27/27_iLz0rQ5ZegY_3_270375_270675_features.csv
27/27_Rkm_pr_RAY4_3_109840_110120_features.csv
27/27_PMKbDvdchpA_3_59200_59550_features.csv
27/27_54hyTaGhPFs_5_43000_43640_features.csv
27/27_kS1u_YtKvwc_2_16825_17025_features.csv
27/27_D9fwn7c9xVQ_9_94520_95000_features.csv
27/27_uWQV03Uryco_7_44200_44600_features.csv
27/27_6gwIyDawfiQ_5_20680_21120_features.csv
27/27_nY6Ibj5Ud8w_1_140560_140840_features.csv
27/27_1orehjW53lo_3_155400_155720_features.csv
27/27_85mDdrBQTIY_3_24400_24680_features.csv
27/27_Zt_IRWKZeNM_3_123840_124120_features.csv
27/27_bLvyP8PvPS8_5_45880_46240_features.csv
27/27_EHumoIaIfbU_1_43040_43320_features.csv
27/27_85mDdrBQTIY_3_6120_6400_features.csv
27/27_hUBJgXS9Rzw_3_97400_97720_features.csv
27/27_aMyljzx7qJs_8_96480_96960_features.csv
27/27_aMyljzx7qJs_8_17120_17400_features.csv
27/27_aMyljzx7qJs_8_106280_106600_features.csv
27/27_fAixMqtTw4M_1_136960_137200_features.csv
27/27_SZRI8ND3EzU_9_189280_190040_features.csv
27/27_tu_eDaNW8iM_2_13600_13975_features.csv
27/27_W2RrXo-SE-I_1_150275_150450_features.csv
27/27_AWBeuvAlNic_9_16440_16880_features.csv
27/27_hUBJgXS9Rzw_3_164320_164800_features.csv
27/27_W2RrXo-SE-I_1_137080_137440_features.csv
27/27_MddOAfQQ6TY_1_16800_17160_features.csv
27/27_54hyTaGhPFs_5_53400_53920_features.csv
27/27_hIBj-HoPJhI_3_79240_79520_features.csv
27/27_JVYvMF536U8_5_71960_72280_features.csv
27/27_iYxytj9B3_I_3_133180_133440_features.csv
27/27_4viQG8CNp4M_5_130960_131560_features.csv
27/27_SZRI8ND3EzU_9_277480_278400_features.csv
27/27_S7ltODt2LKM_9_35400_36040_features.csv
27/27_WX3UI5TtQQU_9_337400_337880_features.csv
27/27_bLvyP8PvPS8_5_13320_13720_features.csv
27/27_4hnp5xIWiwQ_9_77760_78160_features.csv
27/27_znyGvu-Bp28_5_54520_55040_features.csv
27/27_eEnw82ssF00_7_73880_74560_features.csv
27/27_pT_tU8anQgE_5_87760_88360_features.csv
27/27_WX3UI5TtQQU_9_412880_413280_features.csv
27/27_85mDdrBQTIY_3_101520_101840_features.csv
27/27_6CUL9lp60rg_5_97680_98160_features.csv
27/27_bLvyP8PvPS8_5_51840_52240_features.csv
15/15_l611vk1622c_3_23020_23520_features.csv
15/15_PteWobzf9ag_10_128600_129160_features.csv
15/15_D9fwn7c9xVQ_9_146520_147720_features.csv
15/15_WLTE5Xg0kEU_3_32640_32920_features.csv
15/15_Sy-OLfgn0NY_5_254240_254960_features.csv
15/15_dx81Welon8k_3_104250_104925_features.csv
15/15_Z_c9m0gG9i8_3_503440_503840_features.csv
15/15_xngvsDWg76I_9_238720_239160_features.csv
15/15_xngvsDWg76I_9_334160_335000_features.csv
15/15_iYxytj9B3_I_3_230860_231400_features.csv
15/15_BIzEaMHCXiw_5_86480_86920_features.csv
15/15_PWuysv8N7D0_9_103560_104320_features.csv
15/15_vyGbKTk-gzg_3_92600_93280_features.csv
15/15_WLTE5Xg0kEU_3_243880_244760_features.csv
15/15_3UP67jkT3xc_5_144280_144600_features.csv
15/15_xngvsDWg76I_9_309320_310160_features.csv
15/15__Lb4gBLfFSA_1_5080_5760_features.csv
15/15_o7_ernQvXQ4_3_104850_105200_features.csv
15/15_eM5BQk7WdbM_1_19000_19320_features.csv
15/15_Z_c9m0gG9i8_3_372640_373000_features.csv
15/15_HCf93Ng8W_M_6_59120_59560_features.csv
15/15_F8ZtKUlxNco_5_187320_187920_features.csv
15/15_UABroDHd4q4_3_73800_74200_features.csv
15/15_PteWobzf9ag_10_130920_131680_features.csv
15/15_IlgY_gb74zw_3_81680_82000_features.csv
15/15_IlgY_gb74zw_3_237120_237640_features.csv
15/15_MddOAfQQ6TY_1_5320_6000_features.csv
15/15_BIzEaMHCXiw_5_386200_386840_features.csv
15/15_3UP67jkT3xc_5_49960_50480_features.csv
15/15_dx81Welon8k_3_167400_168375_features.csv
15/15_1orehjW53lo_3_6560_7160_features.csv
15/15_BIzEaMHCXiw_5_466640_467280_features.csv
15/15_85mDdrBQTIY_3_74880_75240_features.csv
15/15_fIHQbCOce5E_9_76200_77000_features.csv
15/15_26iZWy0bi9U_1_70480_70880_features.csv
15/15_UABroDHd4q4_3_6000_6525_features.csv
15/15_hUBJgXS9Rzw_3_149520_150120_features.csv
15/15_q36fZcYH3fc_3_92425_93000_features.csv
15/15_vyGbKTk-gzg_3_139720_140240_features.csv
15/15_Rkm_pr_RAY4_3_48880_49480_features.csv
15/15_W2RrXo-SE-I_1_7320_7880_features.csv
15/15_BIzEaMHCXiw_5_150800_151200_features.csv
15/15_BIzEaMHCXiw_5_40960_41440_features.csv
15/15_SKZIM1S4c78_5_191880_192120_features.csv
15/15_70aA_f5W2eg_5_53280_53920_features.csv
15/15_M1xszBRw9Ro_10_359080_359720_features.csv
15/15_3UP67jkT3xc_5_129760_130200_features.csv
15/15_Rkm_pr_RAY4_3_8840_9480_features.csv
15/15_ACFoRUxG8oA_5_54200_54880_features.csv
15/15_26iZWy0bi9U_1_71400_72000_features.csv
15/15_FhpfERsdST8_3_121560_121840_features.csv
15/15_1kIzNH2U2nA_6_19680_20280_features.csv
15/15_bN8xiV0toNI_5_58920_59800_features.csv
15/15_W2RrXo-SE-I_1_37400_38120_features.csv
15/15_1kIzNH2U2nA_6_32000_32600_features.csv
15/15_1orehjW53lo_3_18240_18640_features.csv
15/15_DCEb-mtfXV4_10_86960_87520_features.csv
15/15_UABroDHd4q4_3_48325_48725_features.csv
15/15_V3_vJEWGUlw_3_90160_90480_features.csv
15/15_LZa-kCvTstE_5_63320_64080_features.csv
15/15_BXAiYnEyX-4_1_68760_69560_features.csv
15/15_8j29V2Gcy1M_9_73840_74760_features.csv
15/15_2nd-XLJzOsE_5_137840_138520_features.csv
15/15_aJemwxTbM0E_9_179175_179850_features.csv
15/15_FhpfERsdST8_3_123680_124120_features.csv
15/15_Dc7A-zC9x3I_1_48000_48520_features.csv
15/15_V3_vJEWGUlw_3_86680_87080_features.csv
15/15_MQPsAcJxYbk_1_17360_17760_features.csv
15/15_IlgY_gb74zw_3_288840_289240_features.csv
15/15_hUBJgXS9Rzw_3_242320_242960_features.csv
15/15_Zpy_fOS22pg_5_29280_30480_features.csv
15/15_Sbqr-bH0-dI_3_117720_118160_features.csv
15/15_QdeWaRVI0Y8_1_97840_98600_features.csv
15/15_TDH6B8JDB5E_1_52080_52760_features.csv
15/15_Rkm_pr_RAY4_3_13320_13800_features.csv
15/15_dx81Welon8k_3_38775_39125_features.csv
15/15_dkMY6WD6oRY_3_21360_21720_features.csv
15/15_uBrakY05r9M_5_63760_64520_features.csv
15/15_iYxytj9B3_I_3_27020_27360_features.csv
15/15_wgmHta_ijns_9_107760_108400_features.csv
15/15_iLz0rQ5ZegY_3_186450_187050_features.csv
15/15_BrT-NiLf2v0_6_11360_11760_features.csv
15/15_hUBJgXS9Rzw_3_151720_152080_features.csv
15/15_FhpfERsdST8_3_133400_133760_features.csv
15/15_l611vk1622c_3_14940_15180_features.csv
15/15_WLTE5Xg0kEU_3_153440_153760_features.csv
15/15_6CUL9lp60rg_5_435840_436240_features.csv
15/15_FhpfERsdST8_3_60040_60520_features.csv
15/15_-f3iJKBOm-8_5_90600_91560_features.csv
15/15_VBC2i8bbqa4_5_30080_30480_features.csv
15/15_W4oR4lWGp0A_5_27080_27440_features.csv
15/15_cv_amCPZDDQ_3_133960_134400_features.csv
15/15_UQPvjVlIdUc_9_214120_214960_features.csv
15/15_Z_c9m0gG9i8_3_315120_315640_features.csv
15/15_3UP67jkT3xc_5_118920_119360_features.csv
15/15_WX3UI5TtQQU_9_290480_291080_features.csv
15/15_JghTBiAEwNc_5_13360_14000_features.csv
15/15_EFSuOojeLjE_10_114680_115800_features.csv
15/15_vyGbKTk-gzg_3_14080_15040_features.csv
15/15_1orehjW53lo_3_58720_59200_features.csv
15/15_W50BB1aT094_6_158150_158550_features.csv
15/15_iLz0rQ5ZegY_3_203575_203875_features.csv
15/15_HCf93Ng8W_M_6_21960_22360_features.csv
15/15_VBC2i8bbqa4_5_149160_149840_features.csv
15/15_9sK0M5PkKZ4_9_93080_93480_features.csv
15/15_hUBJgXS9Rzw_3_119280_119800_features.csv
15/15_W4oR4lWGp0A_5_32960_33480_features.csv
15/15_Z_c9m0gG9i8_3_506680_507080_features.csv
15/15_93eIq4QT8Yo_3_20960_21560_features.csv
15/15_ABtvOBM1KWY_10_62280_62880_features.csv
15/15_0qeYLvPBJWs_9_154720_155240_features.csv
15/15_Ss66tHhsdro_6_277120_277840_features.csv
15/15_S7ltODt2LKM_9_31320_32400_features.csv
15/15_hUBJgXS9Rzw_3_75320_75720_features.csv
15/15_j5_zf5uQSRk_5_72560_73080_features.csv
15/15_dx81Welon8k_3_57850_58325_features.csv
15/15_iYxytj9B3_I_3_282020_282400_features.csv
15/15_Sbqr-bH0-dI_3_85640_86120_features.csv
15/15_W2RrXo-SE-I_1_217760_218440_features.csv
15/15_e7Rkdh0Iq04_3_23720_24160_features.csv
15/15_IlgY_gb74zw_3_222040_222600_features.csv
15/15_xngvsDWg76I_9_16080_16680_features.csv
15/15_aJemwxTbM0E_9_293000_294200_features.csv
15/15_IlgY_gb74zw_3_263160_264080_features.csv
15/15_BIzEaMHCXiw_5_404760_405320_features.csv
15/15_Rkm_pr_RAY4_3_77360_77840_features.csv
15/15_r_NG6V4aYek_9_110320_110920_features.csv
15/15_bN8xiV0toNI_5_111880_112640_features.csv
15/15_WX3UI5TtQQU_9_281000_282000_features.csv
15/15_G-oIy6FAUlk_10_190040_191240_features.csv
15/15_WLTE5Xg0kEU_3_147640_148120_features.csv
15/15__MM_-_lvYmE_10_44880_45400_features.csv
15/15_BIzEaMHCXiw_5_25880_26680_features.csv
15/15_9Qe1tpTAuNY_9_109550_110175_features.csv
15/15_IlgY_gb74zw_3_253040_253440_features.csv
15/15_BIzEaMHCXiw_5_444560_445440_features.csv
15/15_Rkm_pr_RAY4_3_135640_136160_features.csv
15/15_Sbqr-bH0-dI_3_163080_163720_features.csv
15/15_vyGbKTk-gzg_3_10720_11200_features.csv
15/15_1orehjW53lo_3_19040_19640_features.csv
15/15_vyGbKTk-gzg_3_7080_7520_features.csv
15/15_W2RrXo-SE-I_1_224360_224960_features.csv
15/15_1orehjW53lo_3_275120_276040_features.csv
15/15_WLTE5Xg0kEU_3_23840_24080_features.csv
15/15_uBrakY05r9M_5_10800_11960_features.csv
15/15_Y_vSE4qGlXg_5_115075_115875_features.csv
15/15_WX3UI5TtQQU_9_244520_245360_features.csv
15/15_WLTE5Xg0kEU_3_316520_316800_features.csv
15/15_1orehjW53lo_3_183560_184120_features.csv
15/15_vyGbKTk-gzg_3_44720_45120_features.csv
15/15_CrHmtfLAZec_9_76760_78040_features.csv
15/15_V3_vJEWGUlw_3_140360_140680_features.csv
15/15_yiuqNGOv6_o_5_84200_84960_features.csv
15/15_aJemwxTbM0E_9_70160_71120_features.csv
15/15_G-oIy6FAUlk_10_126120_126840_features.csv
15/15_vyGbKTk-gzg_3_63680_64240_features.csv
15/15_IlgY_gb74zw_3_12560_13040_features.csv
15/15_o6Kca8E43eg_10_35280_35960_features.csv
15/15_Sbqr-bH0-dI_3_71320_71920_features.csv
15/15_IlgY_gb74zw_3_160200_160520_features.csv
15/15_Y_vSE4qGlXg_5_118150_118725_features.csv
15/15_PteWobzf9ag_10_17560_18720_features.csv
15/15_ysz0CjirP84_9_122280_122960_features.csv
15/15_dx81Welon8k_3_26300_27025_features.csv
15/15_Rkm_pr_RAY4_3_53760_54560_features.csv
15/15_dkMY6WD6oRY_3_42960_43600_features.csv
15/15_FhpfERsdST8_3_126000_126400_features.csv
15/15_Sbqr-bH0-dI_3_4360_5040_features.csv
15/15_hUBJgXS9Rzw_3_80920_81280_features.csv
15/15_OwWldpOh0yo_5_139350_140275_features.csv
15/15_4HOJSm5XYeo_9_32000_32640_features.csv
15/15_FfdM5QeoU0k_5_82875_83575_features.csv
15/15_VBC2i8bbqa4_5_184560_185160_features.csv
15/15_47YmPhcPnQ0_10_28520_29040_features.csv
15/15_uYIHRM0YcT8_9_158250_158800_features.csv
15/15_54hyTaGhPFs_5_11080_11440_features.csv
15/15_BIzEaMHCXiw_5_462360_463200_features.csv
15/15_M1xszBRw9Ro_10_389480_390000_features.csv
15/15_BIzEaMHCXiw_5_131640_132240_features.csv
15/15_WLTE5Xg0kEU_3_143000_143480_features.csv
15/15_FhpfERsdST8_3_55200_55480_features.csv
15/15_6CUL9lp60rg_5_57120_57760_features.csv
15/15_BIzEaMHCXiw_5_155800_156280_features.csv
15/15_zron8Ed237Q_1_54840_55400_features.csv
15/15_LABkCjY1YMY_5_145950_146500_features.csv
16/16_PfhJdrof8v8_5_50640_51360_features.csv
16/16_9zZ5PHoNt7E_5_100720_101320_features.csv
16/16_NE07pkgSCQQ_3_9350_9600_features.csv
16/16_l611vk1622c_3_3360_3740_features.csv
16/16_WNEfJytzABo_1_78975_79150_features.csv
16/16_WNEfJytzABo_1_77875_78150_features.csv
16/16_9zZ5PHoNt7E_5_15700_16025_features.csv
16/16_Z_c9m0gG9i8_3_527560_528240_features.csv
16/16_aJemwxTbM0E_9_134125_134525_features.csv
16/16_NE07pkgSCQQ_3_31200_31525_features.csv
16/16_4hnp5xIWiwQ_9_97400_97800_features.csv
16/16_WiQtjC50f-M_1_240600_240775_features.csv
16/16_ysz0CjirP84_9_40080_40440_features.csv
16/16_aJemwxTbM0E_9_224875_225175_features.csv
16/16_aJemwxTbM0E_9_84900_85350_features.csv
16/16_U-px3QJ6XSU_1_83200_83800_features.csv
16/16_WiQtjC50f-M_1_149450_149650_features.csv
16/16_Z_c9m0gG9i8_3_293960_294440_features.csv
16/16_dEBaTqI-mS8_3_59200_59560_features.csv
16/16_iLz0rQ5ZegY_3_238475_238900_features.csv
16/16_WiQtjC50f-M_1_120650_120825_features.csv
16/16_PfhJdrof8v8_5_141720_142360_features.csv
16/16_r_NG6V4aYek_9_107080_107520_features.csv
16/16_86F4qtacKuY_5_58280_58800_features.csv
16/16_BIzEaMHCXiw_5_129840_130360_features.csv
16/16_WiQtjC50f-M_1_78640_78960_features.csv
16/16_ysz0CjirP84_9_53440_53800_features.csv
16/16_PfhJdrof8v8_5_144360_144760_features.csv
16/16_5-j_CKBiRQs_5_6280_6640_features.csv
16/16_5-j_CKBiRQs_5_27240_27800_features.csv
16/16_-f3iJKBOm-8_5_142760_143200_features.csv
16/16_rbwiOnDjex4_3_122425_122750_features.csv
16/16_QfV-GOnjBcE_1_85200_85550_features.csv
16/16_AWBeuvAlNic_9_21080_21600_features.csv
16/16_Sy-OLfgn0NY_5_138700_139050_features.csv
16/16_9zZ5PHoNt7E_5_61525_62000_features.csv
16/16__gzz8994rV0_1_59480_59760_features.csv
16/16_lJLgmX4mK5Q_9_14760_15400_features.csv
16/16_odXbItlRjNg_5_363120_363720_features.csv
16/16_aJemwxTbM0E_9_146675_147075_features.csv
16/16_WiQtjC50f-M_1_231600_231950_features.csv
16/16_6CUL9lp60rg_5_110880_111280_features.csv
16/16_Zpy_fOS22pg_5_62160_63080_features.csv
16/16_Zohg0xfNAv8_5_32120_32480_features.csv
16/16_g0JVrfPwaV0_1_82240_82600_features.csv
16/16_WX3UI5TtQQU_9_53760_54080_features.csv
16/16_5-j_CKBiRQs_5_37800_38360_features.csv
16/16_86F4qtacKuY_5_51240_51720_features.csv
16/16_Sy-OLfgn0NY_5_87825_88100_features.csv
16/16_Sy-OLfgn0NY_5_212100_212400_features.csv
16/16_U-px3QJ6XSU_1_8120_8440_features.csv
16/16_86F4qtacKuY_5_105040_105600_features.csv
16/16_WX3UI5TtQQU_9_337920_338520_features.csv
16/16_D9fwn7c9xVQ_9_96280_97200_features.csv
16/16_9zZ5PHoNt7E_5_158825_159125_features.csv
16/16_NE07pkgSCQQ_3_3650_3900_features.csv
16/16_rbwiOnDjex4_3_119725_119975_features.csv
16/16_ysz0CjirP84_9_47960_48920_features.csv
16/16_W2RrXo-SE-I_1_140000_140275_features.csv
16/16_QfV-GOnjBcE_1_27150_27450_features.csv
16/16_fIHQbCOce5E_9_4040_4520_features.csv
16/16_Zt_IRWKZeNM_3_124160_124520_features.csv
16/16_L6NCVoh6YiE_5_159240_159560_features.csv
16/16_D9fwn7c9xVQ_9_159720_160520_features.csv
16/16_WX3UI5TtQQU_9_472680_473320_features.csv
16/16_dEBaTqI-mS8_3_39800_40280_features.csv
16/16_9XxebdcDyI8_3_115200_115560_features.csv
16/16_pT_tU8anQgE_5_90800_91440_features.csv
16/16_9zZ5PHoNt7E_5_127550_127975_features.csv
16/16_r_NG6V4aYek_9_95240_95600_features.csv
16/16_86F4qtacKuY_5_117560_118360_features.csv
16/16_l611vk1622c_3_6000_6280_features.csv
16/16_Rkm_pr_RAY4_3_110200_110720_features.csv
16/16_0qeYLvPBJWs_9_10920_11520_features.csv
16/16_l88gZYCbR5g_5_69360_69800_features.csv
16/16_dEBaTqI-mS8_3_3520_4040_features.csv
16/16_WiQtjC50f-M_1_61325_61675_features.csv
16/16_Sy-OLfgn0NY_5_270840_271160_features.csv
16/16_pZp41ZEqF-E_5_52880_53440_features.csv
16/16_9zZ5PHoNt7E_5_88100_88550_features.csv
16/16_0qeYLvPBJWs_9_21120_22040_features.csv
16/16_6CUL9lp60rg_5_366760_367200_features.csv
16/16_9zZ5PHoNt7E_5_39950_40400_features.csv
16/16_hUBJgXS9Rzw_3_157040_157520_features.csv
16/16_9zZ5PHoNt7E_5_24900_25225_features.csv
16/16_fAixMqtTw4M_1_155680_156040_features.csv
16/16_fIHQbCOce5E_9_19040_20080_features.csv
16/16_BIzEaMHCXiw_5_148760_149160_features.csv
16/16_OU7hkPpVByc_1_38280_38760_features.csv
16/16_DScczXLhnM8_1_13840_14440_features.csv
16/16_6CUL9lp60rg_5_591160_591640_features.csv
16/16_BIzEaMHCXiw_5_186040_186680_features.csv
16/16_L6NCVoh6YiE_5_127440_127960_features.csv
16/16_AWBeuvAlNic_9_4760_5280_features.csv
16/16_9zZ5PHoNt7E_5_137000_137500_features.csv
16/16_dEBaTqI-mS8_3_76760_77200_features.csv
16/16_dEBaTqI-mS8_3_48880_49240_features.csv
16/16_hUBJgXS9Rzw_3_27560_27920_features.csv
16/16_Zohg0xfNAv8_5_57920_58440_features.csv
16/16_WX3UI5TtQQU_9_62280_62880_features.csv
16/16_L6NCVoh6YiE_5_213080_213760_features.csv
16/16_0qeYLvPBJWs_9_2680_3200_features.csv
16/16_86F4qtacKuY_5_286920_287560_features.csv
21/21_r_NG6V4aYek_9_223920_224520_features.csv
21/21_jKmXwAO4kwA_1_18640_18840_features.csv
21/21_L6NCVoh6YiE_5_154800_155160_features.csv
21/21_q_iwTyy6O8k_9_56900_57325_features.csv
21/21_54hyTaGhPFs_5_94600_94960_features.csv
21/21_9XxebdcDyI8_3_238880_239360_features.csv
21/21_Z_c9m0gG9i8_3_16920_17280_features.csv
21/21_WX3UI5TtQQU_9_273040_273800_features.csv
21/21__LcXSjZwm_Q_5_177000_177400_features.csv
21/21_Sy-OLfgn0NY_5_216650_216925_features.csv
21/21_1Huba-w4Mog_9_160840_161200_features.csv
21/21_8j29V2Gcy1M_9_162960_163280_features.csv
21/21_6CUL9lp60rg_5_239080_239440_features.csv
21/21_W2RrXo-SE-I_1_154475_154725_features.csv
21/21_BXAiYnEyX-4_1_70680_71080_features.csv
21/21_9Qe1tpTAuNY_9_116575_117175_features.csv
21/21_0qeYLvPBJWs_9_74880_75160_features.csv
21/21_XErS7f6c0AM_5_84320_84800_features.csv
21/21_odXbItlRjNg_5_126625_127025_features.csv
21/21_amCdj5zSnE4_3_21960_22280_features.csv
21/21_WLTE5Xg0kEU_3_309560_310000_features.csv
21/21_rbwiOnDjex4_3_69440_69680_features.csv
21/21_85mDdrBQTIY_3_105640_105960_features.csv
21/21_vyGbKTk-gzg_3_147160_147440_features.csv
21/21_odXbItlRjNg_5_218600_219075_features.csv
21/21_W50BB1aT094_6_54440_54840_features.csv
21/21_r_NG6V4aYek_9_41000_41360_features.csv
21/21_EHumoIaIfbU_1_77720_78040_features.csv
21/21_W50BB1aT094_6_144350_144750_features.csv
21/21_dx81Welon8k_3_88720_89040_features.csv
21/21_r_NG6V4aYek_9_237760_237960_features.csv
21/21_2y2MnHD4i8o_6_74360_74680_features.csv
21/21_yiuqNGOv6_o_5_37320_37760_features.csv
21/21_4byAyOXyn5U_6_103480_103760_features.csv
21/21_Ss66tHhsdro_6_110440_110760_features.csv
21/21_Zohg0xfNAv8_5_31080_31520_features.csv
21/21_9XxebdcDyI8_3_243280_243920_features.csv
21/21_Ss66tHhsdro_6_199000_199300_features.csv
21/21_QfV-GOnjBcE_1_81680_82000_features.csv
21/21_9XxebdcDyI8_3_247560_248200_features.csv
21/21_9sK0M5PkKZ4_9_132040_132480_features.csv
21/21_odXbItlRjNg_5_215800_216720_features.csv
21/21_odXbItlRjNg_5_338000_338400_features.csv
21/21_6CUL9lp60rg_5_462760_463160_features.csv
21/21_MaZUl_KP8Ao_6_13480_13800_features.csv
21/21_j3qyr4JjZKw_6_15400_15680_features.csv
21/21_odXbItlRjNg_5_388500_389275_features.csv
21/21_odXbItlRjNg_5_156240_156720_features.csv
21/21_S7ltODt2LKM_9_63360_63680_features.csv
21/21_iYxytj9B3_I_3_15520_15820_features.csv
21/21_W50BB1aT094_6_56225_56800_features.csv
21/21_Y_vSE4qGlXg_5_84550_84875_features.csv
21/21_9XxebdcDyI8_3_252800_253240_features.csv
21/21_odXbItlRjNg_5_148000_148360_features.csv
21/21_dx81Welon8k_3_46575_46925_features.csv
21/21_2y2MnHD4i8o_6_55080_55360_features.csv
21/21_odXbItlRjNg_5_265840_266520_features.csv
21/21_HSbkP5mw8n4_1_32600_32840_features.csv
21/21_BIzEaMHCXiw_5_224960_225560_features.csv
21/21_UABroDHd4q4_3_276750_277175_features.csv
21/21_HSbkP5mw8n4_1_35800_36240_features.csv
21/21_ZVbD1_PPs9A_6_15960_16360_features.csv
21/21_Y_vSE4qGlXg_5_149625_150050_features.csv
21/21_ERfCn8-c06o_9_72160_72520_features.csv
21/21_9sK0M5PkKZ4_9_214200_214840_features.csv
21/21_BIzEaMHCXiw_5_135240_135600_features.csv
21/21_iYxytj9B3_I_3_198660_199000_features.csv
21/21_W2RrXo-SE-I_1_168750_169000_features.csv
21/21_OOWZ3yh9-Qc_6_10100_10425_features.csv
21/21_6CUL9lp60rg_5_246720_247080_features.csv
21/21_odXbItlRjNg_5_207080_207400_features.csv
21/21_PWuysv8N7D0_9_28240_28640_features.csv
21/21_lJeBuPOf7HY_9_48125_48550_features.csv
21/21_OOWZ3yh9-Qc_6_24960_25240_features.csv
21/21_9Qe1tpTAuNY_9_71325_71650_features.csv
21/21_EHumoIaIfbU_1_90440_90680_features.csv
21/21_pCtiQRICc-0_9_74120_74440_features.csv
17/17_4byAyOXyn5U_6_77520_77960_features.csv
17/17_ysz0CjirP84_9_27800_28440_features.csv
17/17_PMKbDvdchpA_3_68040_68600_features.csv
17/17_3UP67jkT3xc_5_119440_119800_features.csv
17/17_V3_vJEWGUlw_3_19920_20480_features.csv
17/17_6CUL9lp60rg_5_832760_833600_features.csv
17/17_G-oIy6FAUlk_10_151120_151960_features.csv
17/17_EFSuOojeLjE_10_57360_58280_features.csv
17/17_WX3UI5TtQQU_9_76440_77280_features.csv
17/17_DScczXLhnM8_1_31120_31520_features.csv
17/17_NE07pkgSCQQ_3_139625_140125_features.csv
17/17_l88gZYCbR5g_5_3640_4360_features.csv
17/17_BIzEaMHCXiw_5_293840_294600_features.csv
17/17_86F4qtacKuY_5_200840_201440_features.csv
17/17_Zohg0xfNAv8_5_19275_19500_features.csv
17/17_9Qe1tpTAuNY_9_3825_4700_features.csv
17/17_6CUL9lp60rg_5_676640_676920_features.csv
17/17_D2g00-t6VkY_5_4920_6040_features.csv
17/17_uYIHRM0YcT8_9_192825_193750_features.csv
17/17_v7D1uOEhf8I_10_22840_23400_features.csv
17/17_wKW6he7wPpg_10_52760_54000_features.csv
17/17_unh-5lZtCtw_9_102400_103040_features.csv
17/17_0qeYLvPBJWs_9_20160_21080_features.csv
17/17_5PWLe5GaIEA_5_74280_74760_features.csv
17/17_PMKbDvdchpA_3_45925_46200_features.csv
17/17_SYlZa_rEzO0_9_25160_25920_features.csv
17/17_9zZ5PHoNt7E_5_114275_115025_features.csv
17/17_WX3UI5TtQQU_9_175280_175840_features.csv
17/17_fIHQbCOce5E_9_94320_95320_features.csv
17/17_Ss66tHhsdro_6_293160_293800_features.csv
17/17_QdeWaRVI0Y8_1_32520_33280_features.csv
17/17_6CUL9lp60rg_5_803200_803680_features.csv
17/17_JVYvMF536U8_5_41200_41480_features.csv
17/17_6CUL9lp60rg_5_83680_84480_features.csv
17/17_uBrakY05r9M_5_80280_81000_features.csv
17/17_spf1l3dAP68_3_113640_114000_features.csv
17/17_o7_ernQvXQ4_3_41850_42625_features.csv
17/17__LcXSjZwm_Q_5_81000_81760_features.csv
17/17__LcXSjZwm_Q_5_27520_28120_features.csv
17/17_4hnp5xIWiwQ_9_50480_51280_features.csv
17/17_aJemwxTbM0E_9_38440_39440_features.csv
17/17_V3_vJEWGUlw_3_77080_77560_features.csv
17/17_gQyDV_g0Sv0_9_167440_169440_features.csv
17/17_rbwiOnDjex4_3_100050_100625_features.csv
17/17_hUBJgXS9Rzw_3_87920_88560_features.csv
17/17_CoaGlX3F-E4_3_90440_90920_features.csv
17/17_V3_vJEWGUlw_3_45360_45920_features.csv
17/17_Z_c9m0gG9i8_3_328840_329440_features.csv
17/17_PViDFh6IYAk_5_54480_54920_features.csv
17/17_PViDFh6IYAk_5_16520_16920_features.csv
17/17_1orehjW53lo_3_137560_138120_features.csv
17/17_AHbS5GEGh1o_5_19560_19880_features.csv
17/17_aJemwxTbM0E_9_166200_166960_features.csv
17/17_WX3UI5TtQQU_9_498440_499320_features.csv
17/17_Rkm_pr_RAY4_3_29200_29760_features.csv
17/17_6CUL9lp60rg_5_735720_736200_features.csv
17/17_2nd-XLJzOsE_5_129640_130040_features.csv
17/17_8j29V2Gcy1M_9_91400_92360_features.csv
17/17_Z_c9m0gG9i8_3_345480_346360_features.csv
17/17_BIzEaMHCXiw_5_49600_50200_features.csv
17/17_YGZj_HoYg4k_6_7425_8075_features.csv
17/17__LcXSjZwm_Q_5_42680_43480_features.csv
17/17_rIYSOtAtv48_3_152200_152680_features.csv
17/17_NE07pkgSCQQ_3_65225_65925_features.csv
17/17_EFSuOojeLjE_10_9120_9680_features.csv
17/17_W4oR4lWGp0A_5_12975_13750_features.csv
17/17_j5_zf5uQSRk_5_94440_95120_features.csv
17/17_9sK0M5PkKZ4_9_369800_370640_features.csv
17/17_3UP67jkT3xc_5_88840_89520_features.csv
17/17_PteWobzf9ag_10_59360_60000_features.csv
17/17_dKNNEbICWSY_5_28040_29160_features.csv
17/17_CrHmtfLAZec_9_225080_225560_features.csv
17/17_bUI64GMzl_Q_10_143240_144280_features.csv
17/17_aJemwxTbM0E_9_47720_48560_features.csv
17/17_b_DZItc_MT8_5_9280_9720_features.csv
17/17_OwWldpOh0yo_5_13960_14440_features.csv
17/17_0E0-Ql8bgl0_6_13720_14640_features.csv
17/17_WLTE5Xg0kEU_3_197880_198360_features.csv
17/17_hIBj-HoPJhI_3_19680_20000_features.csv
17/17_rbwiOnDjex4_3_148250_148850_features.csv
17/17_D2g00-t6VkY_5_12600_13960_features.csv
17/17_UQPvjVlIdUc_9_141680_142120_features.csv
17/17_bLvyP8PvPS8_5_76160_76720_features.csv
17/17_YGZj_HoYg4k_6_10925_11425_features.csv
17/17_UABroDHd4q4_3_285825_286350_features.csv
17/17_fIHQbCOce5E_9_29640_30640_features.csv
17/17_9zZ5PHoNt7E_5_99750_100675_features.csv
17/17_PteWobzf9ag_10_41280_41720_features.csv
17/17_QP6Lh2cypZU_9_65160_66080_features.csv
17/17_pZp41ZEqF-E_5_70360_70840_features.csv
17/17_W4oR4lWGp0A_5_143475_144250_features.csv
17/17_rbwiOnDjex4_3_81525_81975_features.csv
17/17_hUBJgXS9Rzw_3_178920_179320_features.csv
17/17_EL1G60MtjeQ_1_78520_79080_features.csv
17/17_rIYSOtAtv48_3_146120_146560_features.csv
17/17_5PWLe5GaIEA_5_11000_11880_features.csv
17/17_pCtiQRICc-0_9_56560_57600_features.csv
17/17_OwWldpOh0yo_5_24950_26050_features.csv
17/17_o7_ernQvXQ4_3_75900_76225_features.csv
17/17_CD6bKEcBQkQ_9_8225_8725_features.csv
17/17_74qVhYFaEuM_1_45560_46160_features.csv
17/17_UczPDLSQ8t0_5_31560_31920_features.csv
17/17_pT_tU8anQgE_5_16200_17680_features.csv
17/17_WiQtjC50f-M_1_313875_314275_features.csv
17/17_zron8Ed237Q_1_7720_8080_features.csv
17/17_dEBaTqI-mS8_3_51960_52360_features.csv
17/17_XErS7f6c0AM_5_34600_35320_features.csv
17/17_0E0-Ql8bgl0_6_20040_20440_features.csv
17/17_ysz0CjirP84_9_49080_50120_features.csv
17/17_PViDFh6IYAk_5_7120_7680_features.csv
17/17_dKNNEbICWSY_5_12640_13000_features.csv
17/17_J0MPbJzW4bs_10_43920_44480_features.csv
17/17_SKZIM1S4c78_5_153800_154200_features.csv
17/17_5PWLe5GaIEA_5_7280_7920_features.csv
17/17_fIHQbCOce5E_9_66680_67200_features.csv
17/17_zron8Ed237Q_1_8480_9160_features.csv
17/17_70aA_f5W2eg_5_137440_138080_features.csv
17/17_aJemwxTbM0E_9_303275_304525_features.csv
17/17_L6NCVoh6YiE_5_59560_60080_features.csv
17/17_5PWLe5GaIEA_5_70760_71240_features.csv
17/17_G-oIy6FAUlk_10_72360_73480_features.csv
17/17_D2g00-t6VkY_5_15960_16240_features.csv
17/17_JG_eeBdI6To_5_13560_14040_features.csv
17/17_UQPvjVlIdUc_9_226960_227840_features.csv
17/17_EL1G60MtjeQ_1_14800_15200_features.csv
17/17_6CUL9lp60rg_5_703840_704280_features.csv
17/17_fIHQbCOce5E_9_82440_83480_features.csv
17/17_BIzEaMHCXiw_5_286720_287200_features.csv
17/17_WX3UI5TtQQU_9_193160_194080_features.csv
17/17_Ss66tHhsdro_6_79160_79840_features.csv
17/17_1Huba-w4Mog_9_50120_50920_features.csv
17/17_9sK0M5PkKZ4_9_144440_145240_features.csv
17/17_dKNNEbICWSY_5_35480_36040_features.csv
17/17_q_iwTyy6O8k_9_64375_65275_features.csv
17/17_vyGbKTk-gzg_3_22240_22680_features.csv
17/17_UQPvjVlIdUc_9_37600_38800_features.csv
17/17_FDn0rRSoYx4_6_21875_22625_features.csv
17/17_CoaGlX3F-E4_3_10420_10820_features.csv
17/17_EFSuOojeLjE_10_145280_145720_features.csv
17/17_Zohg0xfNAv8_5_178480_178880_features.csv
17/17_9sK0M5PkKZ4_9_182280_183240_features.csv
17/17__D83rNB-Bos_1_36840_37680_features.csv
17/17_aJemwxTbM0E_9_106875_107350_features.csv
17/17_D9fwn7c9xVQ_9_153840_154920_features.csv
17/17_UczPDLSQ8t0_5_11840_12440_features.csv
17/17_WX3UI5TtQQU_9_437400_438200_features.csv
17/17_JVYvMF536U8_5_18360_18680_features.csv
17/17_LZa-kCvTstE_5_56825_57250_features.csv
17/17_uBrakY05r9M_5_99760_100240_features.csv
17/17_9sK0M5PkKZ4_9_244720_245720_features.csv
17/17_bLvyP8PvPS8_5_92160_92720_features.csv
17/17_hUBJgXS9Rzw_3_73600_74080_features.csv
17/17_86F4qtacKuY_5_140320_141040_features.csv
17/17_bUI64GMzl_Q_10_54760_55840_features.csv
17/17_Zt_IRWKZeNM_3_83480_83760_features.csv
17/17_aJemwxTbM0E_9_214525_215425_features.csv
17/17_Ss66tHhsdro_6_176080_176720_features.csv
17/17_Dc7A-zC9x3I_1_6320_6720_features.csv
17/17_SZRI8ND3EzU_9_47720_48640_features.csv
17/17_UABroDHd4q4_3_249100_249475_features.csv
17/17_5PWLe5GaIEA_5_36960_37800_features.csv
17/17_5JuNS_vnIYs_3_67360_67760_features.csv
17/17_G-oIy6FAUlk_10_166200_167000_features.csv
17/17_EL1G60MtjeQ_1_139920_140760_features.csv
17/17_BIzEaMHCXiw_5_20200_20840_features.csv
17/17_1orehjW53lo_3_293600_294440_features.csv
17/17_9sK0M5PkKZ4_9_339960_340880_features.csv
17/17_WLTE5Xg0kEU_3_236080_236480_features.csv
32/32_QdeWaRVI0Y8_1_131040_131200_features.csv
32/32_JVYvMF536U8_5_31600_31960_features.csv
32/32_b_DZItc_MT8_5_15920_16320_features.csv
32/32_SKZIM1S4c78_5_171200_171600_features.csv
32/32_6CUL9lp60rg_5_827760_828280_features.csv
32/32_VBC2i8bbqa4_5_119160_119920_features.csv
32/32_zron8Ed237Q_1_30120_30400_features.csv
32/32_9zZ5PHoNt7E_5_168400_168880_features.csv
32/32_zron8Ed237Q_1_14360_14800_features.csv
32/32_zron8Ed237Q_1_40960_41160_features.csv
32/32_W2RrXo-SE-I_1_289475_289725_features.csv
32/32_eM5BQk7WdbM_1_35850_36275_features.csv
32/32_EHumoIaIfbU_1_30560_31040_features.csv
32/32_BXAiYnEyX-4_1_66840_67280_features.csv
32/32_uYIHRM0YcT8_9_165475_166300_features.csv
32/32_zron8Ed237Q_1_12920_13120_features.csv
32/32_bLvyP8PvPS8_5_4400_5280_features.csv
32/32_SKZIM1S4c78_5_166200_166560_features.csv
32/32_b_DZItc_MT8_5_57520_58240_features.csv
32/32_nY6Ibj5Ud8w_1_198700_199275_features.csv
32/32_EHumoIaIfbU_1_76360_76560_features.csv
32/32_zron8Ed237Q_1_17680_17880_features.csv
32/32_uYIHRM0YcT8_9_178250_178500_features.csv
32/32_zron8Ed237Q_1_46520_46760_features.csv
32/32_9sK0M5PkKZ4_9_293960_295240_features.csv
32/32_bLvyP8PvPS8_5_10880_11320_features.csv
32/32_bLvyP8PvPS8_5_39320_39800_features.csv
32/32_bLvyP8PvPS8_5_19280_19640_features.csv
32/32_zron8Ed237Q_1_10960_11200_features.csv
32/32_JVYvMF536U8_5_17880_18240_features.csv
32/32_bLvyP8PvPS8_5_166880_167280_features.csv
32/32_zron8Ed237Q_1_23520_23800_features.csv
32/32_6CUL9lp60rg_5_831880_832320_features.csv
32/32_SKZIM1S4c78_5_24960_25240_features.csv
32/32_nY6Ibj5Ud8w_1_127475_127975_features.csv
32/32_SKZIM1S4c78_5_147760_148160_features.csv
32/32_QdeWaRVI0Y8_1_121240_121920_features.csv
32/32_JVYvMF536U8_5_44680_45120_features.csv
32/32_b_DZItc_MT8_5_13680_14040_features.csv
32/32_uYIHRM0YcT8_9_200850_201550_features.csv
32/32_QdeWaRVI0Y8_1_120120_120440_features.csv
32/32_JVYvMF536U8_5_66200_66600_features.csv
32/32_nY6Ibj5Ud8w_1_246425_246875_features.csv
32/32_zron8Ed237Q_1_34840_35040_features.csv
32/32_aJemwxTbM0E_9_274525_274950_features.csv
32/32_QdeWaRVI0Y8_1_29680_29920_features.csv
32/32_VBC2i8bbqa4_5_109320_109720_features.csv
32/32_W2RrXo-SE-I_1_214925_215200_features.csv
32/32_bLvyP8PvPS8_5_42480_42880_features.csv
32/32_b_DZItc_MT8_5_18640_18960_features.csv
1/1_CoaGlX3F-E4_3_27940_28240_features.csv
1/1_rbwiOnDjex4_3_31880_32360_features.csv
1/1_rbwiOnDjex4_3_154475_154800_features.csv
1/1_6CUL9lp60rg_5_455920_456360_features.csv
1/1_8j29V2Gcy1M_9_53080_54360_features.csv
1/1_1orehjW53lo_3_287200_287720_features.csv
1/1_hUBJgXS9Rzw_3_125280_125680_features.csv
1/1_85mDdrBQTIY_3_122120_122520_features.csv
1/1_IlgY_gb74zw_3_64280_64880_features.csv
1/1_IlgY_gb74zw_3_153320_153920_features.csv
1/1_j5_zf5uQSRk_5_33040_33360_features.csv
1/1_rbwiOnDjex4_3_130175_130500_features.csv
1/1_L6NCVoh6YiE_5_201500_201975_features.csv
1/1_UABroDHd4q4_3_296425_296725_features.csv
1/1_rbwiOnDjex4_3_159625_159975_features.csv
1/1_VBC2i8bbqa4_5_96350_96700_features.csv
1/1_2nd-XLJzOsE_5_153960_154280_features.csv
1/1_6CUL9lp60rg_5_109920_110240_features.csv
1/1_6CUL9lp60rg_5_802440_802760_features.csv
1/1_bLvyP8PvPS8_5_154840_155320_features.csv
1/1_PMKbDvdchpA_3_178925_179250_features.csv
1/1_cv_amCPZDDQ_3_107080_107480_features.csv
1/1_WLTE5Xg0kEU_3_38600_38880_features.csv
1/1_8ikFug8AtA0_5_21280_21960_features.csv
1/1_WLTE5Xg0kEU_3_26840_27240_features.csv
1/1_4viQG8CNp4M_5_77560_77960_features.csv
1/1_wKW6he7wPpg_10_60280_60760_features.csv
1/1_iYxytj9B3_I_3_109200_109640_features.csv
1/1_bLvyP8PvPS8_5_151640_152080_features.csv
1/1_PfhJdrof8v8_5_24760_25200_features.csv
1/1_bLvyP8PvPS8_5_63680_64240_features.csv
1/1_EFSuOojeLjE_10_72600_72880_features.csv
1/1_6CUL9lp60rg_5_437520_437720_features.csv
1/1_UABroDHd4q4_3_297650_298025_features.csv
1/1_amCdj5zSnE4_3_118640_119180_features.csv
1/1_NE07pkgSCQQ_3_213700_214050_features.csv
1/1_j5_zf5uQSRk_5_69400_69640_features.csv
1/1_spf1l3dAP68_3_197880_198280_features.csv
1/1_EFSuOojeLjE_10_6240_6520_features.csv
1/1_EFSuOojeLjE_10_21600_22000_features.csv
1/1_UABroDHd4q4_3_282375_282775_features.csv
1/1_L6NCVoh6YiE_5_206400_206640_features.csv
1/1_WLTE5Xg0kEU_3_24440_24800_features.csv
1/1_bLvyP8PvPS8_5_194120_194720_features.csv
1/1_cv_amCPZDDQ_3_128080_128520_features.csv
1/1_VMoazggJVD0_9_55560_55920_features.csv
1/1_UQPvjVlIdUc_9_98800_99080_features.csv
1/1_IlgY_gb74zw_3_97680_98160_features.csv
1/1_xLsHnvl2Jyw_9_12280_12800_features.csv
1/1_6CUL9lp60rg_5_818360_818680_features.csv
1/1_unh-5lZtCtw_9_12320_13000_features.csv
1/1_bLvyP8PvPS8_5_198840_199240_features.csv
1/1_6CUL9lp60rg_5_571560_571920_features.csv
1/1_cv_amCPZDDQ_3_89520_90160_features.csv
1/1_-f3iJKBOm-8_5_136600_137040_features.csv
1/1_hUBJgXS9Rzw_3_129240_129680_features.csv
1/1_Zohg0xfNAv8_5_166975_167275_features.csv
1/1_ERfCn8-c06o_9_40000_41040_features.csv
1/1_6CUL9lp60rg_5_675600_675960_features.csv
1/1_IlgY_gb74zw_3_109720_110040_features.csv
1/1_ERfCn8-c06o_9_79280_80000_features.csv
1/1_2nd-XLJzOsE_5_32800_33440_features.csv
1/1_unh-5lZtCtw_9_15640_16600_features.csv
1/1_bLvyP8PvPS8_5_94720_95200_features.csv
1/1_cv_amCPZDDQ_3_115320_115840_features.csv
1/1_IlgY_gb74zw_3_243000_243440_features.csv
23/23_ZURvR5zCzY4_10_15280_15640_features.csv
23/23_Ljl65NHBfsM_7_63600_63760_features.csv
23/23_v9sYsMMCacc_10_39320_39800_features.csv
23/23_Sbqr-bH0-dI_3_168440_169000_features.csv
23/23_W4oR4lWGp0A_5_59320_59520_features.csv
23/23_Y_vSE4qGlXg_5_119700_120100_features.csv
23/23_voTUfaa8UzI_10_11280_11960_features.csv
23/23_9XxebdcDyI8_3_179840_180280_features.csv
23/23_gQyDV_g0Sv0_9_159440_160000_features.csv
23/23_uWQV03Uryco_7_15760_16360_features.csv
23/23_yyZxrkIa1-Y_9_4360_4840_features.csv
23/23_LABkCjY1YMY_5_117160_117440_features.csv
23/23_yyZxrkIa1-Y_9_22480_22800_features.csv
23/23_CrHmtfLAZec_9_64200_64520_features.csv
23/23_fAixMqtTw4M_1_84880_85360_features.csv
23/23_BIzEaMHCXiw_5_431120_431400_features.csv
23/23_L6NCVoh6YiE_5_91040_91440_features.csv
23/23_SZRI8ND3EzU_9_48680_49400_features.csv
23/23_CrHmtfLAZec_9_91200_91640_features.csv
23/23_EFSuOojeLjE_10_59280_59840_features.csv
23/23_cv_amCPZDDQ_3_22840_23240_features.csv
23/23_QP6Lh2cypZU_9_119280_119560_features.csv
23/23_uWQV03Uryco_7_153400_153680_features.csv
23/23_zron8Ed237Q_1_49520_49840_features.csv
23/23_vG2jP8oVSuE_7_20320_20920_features.csv
23/23_IlgY_gb74zw_3_141120_141440_features.csv
23/23_uYIHRM0YcT8_9_65125_65400_features.csv
23/23_bLvyP8PvPS8_5_176640_176960_features.csv
23/23_v9sYsMMCacc_10_45520_45760_features.csv
23/23_fIHQbCOce5E_9_62640_62960_features.csv
23/23_6CUL9lp60rg_5_433400_433840_features.csv
23/23_bLvyP8PvPS8_5_104240_104840_features.csv
23/23_85mDdrBQTIY_3_94440_94680_features.csv
23/23_F8ZtKUlxNco_5_62200_63040_features.csv
23/23_Ss66tHhsdro_6_210400_210720_features.csv
23/23_hIBj-HoPJhI_3_22160_22480_features.csv
23/23_Ljl65NHBfsM_7_52520_52800_features.csv
23/23_BIzEaMHCXiw_5_420520_420960_features.csv
23/23_amCdj5zSnE4_3_20960_21320_features.csv
23/23_QP6Lh2cypZU_9_166480_167080_features.csv
23/23_DCEb-mtfXV4_10_54120_54520_features.csv
23/23_SKZIM1S4c78_5_93280_93640_features.csv
23/23_9zZ5PHoNt7E_5_167100_167525_features.csv
23/23_1Huba-w4Mog_9_51600_52320_features.csv
23/23_xngvsDWg76I_9_188680_189160_features.csv
23/23_cv_amCPZDDQ_3_97640_98040_features.csv
23/23_bUI64GMzl_Q_10_56640_57120_features.csv
23/23_lJeBuPOf7HY_9_5550_6100_features.csv
23/23_54hyTaGhPFs_5_75160_75440_features.csv
23/23_G-oIy6FAUlk_10_152360_153000_features.csv
23/23_W4oR4lWGp0A_5_88560_88840_features.csv
23/23_I1W0BLPETf8_10_33480_33800_features.csv
23/23_ERfCn8-c06o_9_181400_182040_features.csv
23/23_iewVxXrMVj0_5_40280_40600_features.csv
23/23_bN8xiV0toNI_5_137160_137720_features.csv
23/23_r_NG6V4aYek_9_89560_89800_features.csv
23/23_h3oSdHnp__s_10_108920_109400_features.csv
23/23_uYIHRM0YcT8_9_90850_91325_features.csv
23/23_Ss66tHhsdro_6_54120_54400_features.csv
23/23_odXbItlRjNg_5_236680_237360_features.csv
23/23_xngvsDWg76I_9_162200_162840_features.csv
23/23_IlgY_gb74zw_3_110480_110800_features.csv
23/23_xngvsDWg76I_9_39120_39600_features.csv
23/23_4byAyOXyn5U_6_87040_87240_features.csv
23/23_EFSuOojeLjE_10_144720_145160_features.csv
23/23_QP6Lh2cypZU_9_79200_79560_features.csv
23/23_L6NCVoh6YiE_5_74720_74960_features.csv
23/23_vyGbKTk-gzg_3_16520_16920_features.csv
23/23_o6Kca8E43eg_10_26320_26640_features.csv
23/23_X-9JcsybQ9A_5_18160_18600_features.csv
23/23_uYIHRM0YcT8_9_130450_130875_features.csv
23/23_xLsHnvl2Jyw_9_122200_122600_features.csv
23/23_QP6Lh2cypZU_9_74760_75040_features.csv
23/23_PMKbDvdchpA_3_178000_178280_features.csv
23/23_X-9JcsybQ9A_5_41240_41560_features.csv
23/23_cv_amCPZDDQ_3_11240_11880_features.csv
23/23_bLvyP8PvPS8_5_113480_114000_features.csv
23/23_iewVxXrMVj0_5_64920_65480_features.csv
23/23_rIYSOtAtv48_3_168560_168800_features.csv
23/23_IlgY_gb74zw_3_276240_276600_features.csv
23/23_Ljl65NHBfsM_7_56280_56520_features.csv
23/23_DCEb-mtfXV4_10_83520_83920_features.csv
23/23_eEnw82ssF00_7_230080_230600_features.csv
23/23_PWuysv8N7D0_9_104440_104880_features.csv
23/23_ERfCn8-c06o_9_102600_103040_features.csv
23/23_D9fwn7c9xVQ_9_113080_113280_features.csv
23/23_xngvsDWg76I_9_301600_302000_features.csv
23/23_ERfCn8-c06o_9_128360_128800_features.csv
23/23_vyGbKTk-gzg_3_20080_20440_features.csv
23/23_BIzEaMHCXiw_5_468240_468560_features.csv
23/23_uYIHRM0YcT8_9_151320_151640_features.csv
23/23_h3oSdHnp__s_10_44040_44480_features.csv
23/23_iYxytj9B3_I_3_108580_108860_features.csv
23/23_xngvsDWg76I_9_220480_220840_features.csv
23/23_QdeWaRVI0Y8_1_112840_113120_features.csv
23/23_xngvsDWg76I_9_130440_130920_features.csv
23/23_BIzEaMHCXiw_5_22320_22800_features.csv
23/23_WX3UI5TtQQU_9_30560_30880_features.csv
23/23_CrHmtfLAZec_9_96320_96760_features.csv
23/23_F8ZtKUlxNco_5_105320_105840_features.csv
23/23_cv_amCPZDDQ_3_25760_26040_features.csv
23/23_IlgY_gb74zw_3_109080_109640_features.csv
23/23_ERfCn8-c06o_9_66280_66560_features.csv
23/23_EFSuOojeLjE_10_73640_74080_features.csv
23/23_OwWldpOh0yo_5_98300_98675_features.csv
23/23_J0MPbJzW4bs_10_67800_68320_features.csv
23/23_rbwiOnDjex4_3_53040_53280_features.csv
23/23__sOvXjWzjhg_6_4440_4920_features.csv
23/23_ERfCn8-c06o_9_114000_114600_features.csv
23/23_2nd-XLJzOsE_5_59480_59720_features.csv
23/23_U-px3QJ6XSU_1_35040_35240_features.csv
23/23_dkMY6WD6oRY_3_4040_4640_features.csv
23/23_CrHmtfLAZec_9_76400_76640_features.csv
23/23_r_NG6V4aYek_9_273120_273400_features.csv
23/23_CrHmtfLAZec_9_35280_35880_features.csv
23/23_2y2MnHD4i8o_6_16440_17120_features.csv
23/23_-f3iJKBOm-8_5_151680_152080_features.csv
23/23_o6Kca8E43eg_10_80360_80800_features.csv
23/23_bUI64GMzl_Q_10_128320_128720_features.csv
23/23_Zohg0xfNAv8_5_144400_144960_features.csv
23/23_EHumoIaIfbU_1_50000_50360_features.csv
23/23_Sbqr-bH0-dI_3_25560_26080_features.csv
23/23_bUI64GMzl_Q_10_66320_66960_features.csv
23/23_CrHmtfLAZec_9_57880_58280_features.csv
23/23_6CUL9lp60rg_5_452720_452920_features.csv
23/23_85mDdrBQTIY_3_95960_96280_features.csv
23/23_G-oIy6FAUlk_10_108280_108520_features.csv
23/23_9Qe1tpTAuNY_9_53825_54275_features.csv
23/23_xngvsDWg76I_9_223680_224080_features.csv
23/23_o6Kca8E43eg_10_32200_33000_features.csv
23/23_eM5BQk7WdbM_1_7920_8320_features.csv
23/23_Rkm_pr_RAY4_3_5240_5680_features.csv
23/23_uYIHRM0YcT8_9_39700_40475_features.csv
23/23_G-oIy6FAUlk_10_136760_137240_features.csv
23/23_UczPDLSQ8t0_5_65080_65320_features.csv
23/23_vyGbKTk-gzg_3_12520_13000_features.csv
23/23_AHbS5GEGh1o_5_87240_87640_features.csv
23/23_uBrakY05r9M_5_57120_57400_features.csv
23/23_l611vk1622c_3_52140_52440_features.csv
23/23_voTUfaa8UzI_10_22200_23240_features.csv
23/23_h3oSdHnp__s_10_15800_16160_features.csv
23/23_9XxebdcDyI8_3_171680_172240_features.csv
23/23_o6Kca8E43eg_10_146560_146920_features.csv
23/23_h3oSdHnp__s_10_149360_149680_features.csv
23/23_QP6Lh2cypZU_9_51600_52280_features.csv
23/23_AHbS5GEGh1o_5_30120_30640_features.csv
23/23_Z_c9m0gG9i8_3_229880_230360_features.csv
23/23_CD6bKEcBQkQ_9_32500_32800_features.csv
23/23_IlgY_gb74zw_3_138720_139240_features.csv
23/23_UczPDLSQ8t0_5_66920_67200_features.csv
23/23_1Huba-w4Mog_9_83120_83480_features.csv
23/23_AHbS5GEGh1o_5_109000_109320_features.csv
23/23_Zpy_fOS22pg_5_72640_72920_features.csv
23/23_DCEb-mtfXV4_10_71040_71360_features.csv
23/23_eEnw82ssF00_7_319400_319760_features.csv
23/23_aJemwxTbM0E_9_264925_265175_features.csv
23/23_VBC2i8bbqa4_5_85360_85840_features.csv
23/23_Sy-OLfgn0NY_5_83950_84300_features.csv
23/23_Zt_IRWKZeNM_3_56720_57120_features.csv
23/23_PMKbDvdchpA_3_293600_294040_features.csv
23/23_xngvsDWg76I_9_108760_109000_features.csv
23/23_PteWobzf9ag_10_69200_69440_features.csv
23/23_bUI64GMzl_Q_10_17280_17520_features.csv
23/23_CrHmtfLAZec_9_35880_36520_features.csv
23/23_CrHmtfLAZec_9_92160_92600_features.csv
23/23_aJemwxTbM0E_9_305875_306100_features.csv
23/23_xngvsDWg76I_9_196440_196960_features.csv
23/23_iYxytj9B3_I_3_140480_140840_features.csv
23/23_G-oIy6FAUlk_10_97200_97480_features.csv
23/23_Sbqr-bH0-dI_3_76720_77120_features.csv
23/23_dEBaTqI-mS8_3_6320_6680_features.csv
23/23_uWQV03Uryco_7_137680_138240_features.csv
23/23_wKW6he7wPpg_10_51320_52040_features.csv
23/23_4byAyOXyn5U_6_118880_119320_features.csv
23/23_IlgY_gb74zw_3_273040_273360_features.csv
23/23_CrHmtfLAZec_9_169480_170200_features.csv
23/23_amCdj5zSnE4_3_23280_23660_features.csv
23/23_rIYSOtAtv48_3_144500_144720_features.csv
23/23_lJeBuPOf7HY_9_32600_33325_features.csv
23/23_Z_c9m0gG9i8_3_436920_437360_features.csv
23/23_Ljl65NHBfsM_7_53440_53640_features.csv
23/23_yyZxrkIa1-Y_9_18800_19120_features.csv
23/23_V3_vJEWGUlw_3_122480_122840_features.csv
23/23_G-oIy6FAUlk_10_55640_55920_features.csv
23/23_o6Kca8E43eg_10_171480_171920_features.csv
23/23_UQPvjVlIdUc_9_64760_65200_features.csv
23/23_CrHmtfLAZec_9_103400_103680_features.csv
23/23_9XxebdcDyI8_3_175000_175680_features.csv
23/23_gQyDV_g0Sv0_9_131200_131640_features.csv
23/23_3UP67jkT3xc_5_63000_63440_features.csv
23/23_5PWLe5GaIEA_5_71320_71760_features.csv
23/23_vG2jP8oVSuE_7_35920_36360_features.csv
23/23_86F4qtacKuY_5_261960_262360_features.csv
23/23_hIBj-HoPJhI_3_14160_14560_features.csv
23/23_EHumoIaIfbU_1_50440_51000_features.csv
23/23_J0MPbJzW4bs_10_27360_27880_features.csv
23/23_LABkCjY1YMY_5_98920_99400_features.csv
23/23_HSbkP5mw8n4_1_41840_42240_features.csv
23/23_odXbItlRjNg_5_186120_186680_features.csv
23/23_G-oIy6FAUlk_10_164680_164960_features.csv
23/23_aJemwxTbM0E_9_167150_167525_features.csv
23/23_wgmHta_ijns_9_44360_44680_features.csv
23/23_PteWobzf9ag_10_108640_109160_features.csv
23/23_6CUL9lp60rg_5_420720_421040_features.csv
23/23_o6Kca8E43eg_10_235160_235720_features.csv
23/23_-f3iJKBOm-8_5_131000_131640_features.csv
23/23_l88gZYCbR5g_5_34000_34320_features.csv
23/23_nY6Ibj5Ud8w_1_155600_156080_features.csv
23/23_o6Kca8E43eg_10_223680_224280_features.csv
23/23_PteWobzf9ag_10_17000_17320_features.csv
23/23_QP6Lh2cypZU_9_125600_125840_features.csv
23/23_DCEb-mtfXV4_10_34520_35120_features.csv
23/23_WLTE5Xg0kEU_3_73080_73640_features.csv
23/23_QP6Lh2cypZU_9_62320_63000_features.csv
23/23_G-oIy6FAUlk_10_122280_123000_features.csv
23/23_wgmHta_ijns_9_5040_5800_features.csv
23/23_EL1G60MtjeQ_1_9320_9840_features.csv
23/23_rbwiOnDjex4_3_55625_55800_features.csv
23/23_EFSuOojeLjE_10_87480_87760_features.csv
23/23_V3_vJEWGUlw_3_90800_91600_features.csv
23/23_OOWZ3yh9-Qc_6_3520_3960_features.csv
23/23_ZURvR5zCzY4_10_47800_48040_features.csv
23/23_SZRI8ND3EzU_9_182520_182880_features.csv
23/23_eEnw82ssF00_7_116080_116560_features.csv
23/23_4hnp5xIWiwQ_9_21760_22080_features.csv
23/23_v7D1uOEhf8I_10_38160_38600_features.csv
23/23_G-oIy6FAUlk_10_45600_46040_features.csv
23/23_5JuNS_vnIYs_3_6040_6560_features.csv
23/23_v9sYsMMCacc_10_13880_14240_features.csv
23/23_SZRI8ND3EzU_9_292320_292600_features.csv
23/23_W4oR4lWGp0A_5_17625_17850_features.csv
23/23_G-oIy6FAUlk_10_75840_76040_features.csv
23/23_DCEb-mtfXV4_10_75680_75960_features.csv
23/23_UQPvjVlIdUc_9_55480_55880_features.csv
23/23_UQPvjVlIdUc_9_138520_138800_features.csv
23/23__LcXSjZwm_Q_5_143320_143560_features.csv
23/23_WX3UI5TtQQU_9_63040_63360_features.csv
23/23_Ljl65NHBfsM_7_9280_9720_features.csv
23/23_lJeBuPOf7HY_9_90525_91225_features.csv
23/23_amCdj5zSnE4_3_14200_14500_features.csv
23/23_q6eYkkDsMEU_5_73640_74040_features.csv
19/19_WiQtjC50f-M_1_115700_115825_features.csv
19/19_rbwiOnDjex4_3_177575_178125_features.csv
19/19_86F4qtacKuY_5_181360_181880_features.csv
19/19_bLvyP8PvPS8_5_171520_171840_features.csv
19/19_L6NCVoh6YiE_5_96560_96960_features.csv
19/19_ElQUTcP9CXI_5_17320_17600_features.csv
19/19_CoaGlX3F-E4_3_18500_18900_features.csv
19/19_htHy0mIx6d8_1_3680_3960_features.csv
19/19_r_NG6V4aYek_9_129640_129960_features.csv
19/19__LcXSjZwm_Q_5_32160_32520_features.csv
19/19_q36fZcYH3fc_3_117950_118225_features.csv
19/19_CrHmtfLAZec_9_113800_114160_features.csv
19/19_BXAiYnEyX-4_1_36480_37000_features.csv
19/19_9zZ5PHoNt7E_5_145240_145600_features.csv
19/19_cv_amCPZDDQ_3_53560_53840_features.csv
19/19_86F4qtacKuY_5_199080_199480_features.csv
19/19_rbwiOnDjex4_3_153550_154025_features.csv
19/19_LZa-kCvTstE_5_16750_16975_features.csv
19/19_gQyDV_g0Sv0_9_137560_138200_features.csv
19/19_D2g00-t6VkY_5_45240_45640_features.csv
19/19_54hyTaGhPFs_5_208120_208600_features.csv
19/19_l611vk1622c_3_18300_18620_features.csv
19/19_9zZ5PHoNt7E_5_178240_178720_features.csv
19/19_b6aA0SmeUUI_1_56650_56900_features.csv
19/19_htHy0mIx6d8_1_11680_12240_features.csv
19/19_86F4qtacKuY_5_159920_160640_features.csv
19/19_BXAiYnEyX-4_1_48840_49080_features.csv
19/19_W2RrXo-SE-I_1_215675_215900_features.csv
19/19_CrHmtfLAZec_9_148840_149360_features.csv
19/19_xLsHnvl2Jyw_9_62760_63520_features.csv
19/19_SKZIM1S4c78_5_145320_145720_features.csv
19/19_cv_amCPZDDQ_3_136760_137080_features.csv
19/19_85mDdrBQTIY_3_164080_164480_features.csv
19/19_hIBj-HoPJhI_3_60600_60840_features.csv
19/19_QfV-GOnjBcE_1_43680_43920_features.csv
19/19_c9ZdpffShj4_3_80520_80800_features.csv
19/19_uYIHRM0YcT8_9_60350_61075_features.csv
19/19_CoaGlX3F-E4_3_37140_37460_features.csv
19/19_htHy0mIx6d8_1_24720_25040_features.csv
19/19_VMoazggJVD0_9_21440_21880_features.csv
19/19_LABkCjY1YMY_5_124500_124775_features.csv
19/19_odXbItlRjNg_5_70760_71080_features.csv
19/19_CoaGlX3F-E4_3_26980_27400_features.csv
19/19_26iZWy0bi9U_1_8080_8440_features.csv
19/19_bLvyP8PvPS8_5_180360_180560_features.csv
19/19_kEz3DVWNF8w_5_37400_37800_features.csv
19/19_D2g00-t6VkY_5_67400_67960_features.csv
19/19_LABkCjY1YMY_5_112720_113240_features.csv
19/19_WLTE5Xg0kEU_3_61160_61480_features.csv
19/19_WiQtjC50f-M_1_238425_238750_features.csv
19/19_PMKbDvdchpA_3_230575_231000_features.csv
19/19_9sK0M5PkKZ4_9_295920_296480_features.csv
19/19_PMKbDvdchpA_3_56050_56375_features.csv
19/19_ElQUTcP9CXI_5_26040_26600_features.csv
19/19_QP6Lh2cypZU_9_161720_162160_features.csv
19/19_ERfCn8-c06o_9_146000_146320_features.csv
19/19_PMKbDvdchpA_3_175150_175375_features.csv
19/19_e7Rkdh0Iq04_3_48850_49225_features.csv
19/19_9sK0M5PkKZ4_9_243160_244480_features.csv
19/19_htHy0mIx6d8_1_13320_13880_features.csv
19/19_CrHmtfLAZec_9_130880_131200_features.csv
19/19_86F4qtacKuY_5_133000_133400_features.csv
19/19_9zZ5PHoNt7E_5_79440_79760_features.csv
19/19_Wz1B6prEk1M_1_38225_38500_features.csv
19/19_g0JVrfPwaV0_1_52920_53160_features.csv
19/19_UQPvjVlIdUc_9_59040_59680_features.csv
19/19_CrHmtfLAZec_9_88200_88720_features.csv
19/19_QfV-GOnjBcE_1_45760_46160_features.csv
19/19_WiQtjC50f-M_1_258200_258440_features.csv
19/19_xngvsDWg76I_9_275960_276280_features.csv
19/19_xngvsDWg76I_9_286520_286800_features.csv
19/19_WiQtjC50f-M_1_256225_256450_features.csv
19/19_WiQtjC50f-M_1_266000_266200_features.csv
19/19_yiuqNGOv6_o_5_9520_10080_features.csv
19/19_JVYvMF536U8_5_74640_75040_features.csv
19/19_BIzEaMHCXiw_5_451600_451880_features.csv
24/24_bN8xiV0toNI_5_92400_93040_features.csv
24/24_ysz0CjirP84_9_57600_57880_features.csv
24/24_QdeWaRVI0Y8_1_112320_112800_features.csv
24/24_9sK0M5PkKZ4_9_75160_75360_features.csv
24/24_iLz0rQ5ZegY_3_237375_238200_features.csv
24/24_D9fwn7c9xVQ_9_142760_142960_features.csv
24/24_fAixMqtTw4M_1_50480_51000_features.csv
24/24_gQyDV_g0Sv0_9_206360_206760_features.csv
24/24_iYxytj9B3_I_3_266640_267500_features.csv
24/24_85mDdrBQTIY_3_370240_370800_features.csv
24/24_l611vk1622c_3_125320_125700_features.csv
24/24_6CUL9lp60rg_5_749000_749400_features.csv
24/24_BIzEaMHCXiw_5_206160_206440_features.csv
24/24_85mDdrBQTIY_3_48360_48800_features.csv
24/24_amCdj5zSnE4_3_74760_74960_features.csv
24/24_70aA_f5W2eg_5_115120_115320_features.csv
24/24_hIBj-HoPJhI_3_47040_47240_features.csv
24/24_UczPDLSQ8t0_5_32040_32640_features.csv
24/24__gzz8994rV0_1_21920_22360_features.csv
24/24_HSbkP5mw8n4_1_42760_43000_features.csv
24/24_5JuNS_vnIYs_3_66600_67240_features.csv
24/24_W2RrXo-SE-I_1_124560_125120_features.csv
24/24_SZRI8ND3EzU_9_256760_257240_features.csv
24/24_WX3UI5TtQQU_9_196760_197480_features.csv
24/24_spf1l3dAP68_3_312760_313000_features.csv
24/24_U5LEX0riqiU_2_48675_48950_features.csv
24/24_9Qe1tpTAuNY_9_100850_101475_features.csv
24/24_SZRI8ND3EzU_9_247480_247720_features.csv
24/24_SKZIM1S4c78_5_116120_116520_features.csv
24/24_85mDdrBQTIY_3_177240_177520_features.csv
24/24_r_NG6V4aYek_9_255040_255600_features.csv
24/24_iYxytj9B3_I_3_139200_139800_features.csv
24/24_BrT-NiLf2v0_6_52800_53520_features.csv
24/24_8j29V2Gcy1M_9_107160_107320_features.csv
24/24_hUBJgXS9Rzw_3_167080_167320_features.csv
24/24_5-j_CKBiRQs_5_32000_32360_features.csv
24/24_dEBaTqI-mS8_3_10400_10800_features.csv
24/24_aJemwxTbM0E_9_280025_280875_features.csv
24/24_OU7hkPpVByc_1_11120_11840_features.csv
24/24_DScczXLhnM8_1_16080_16400_features.csv
24/24_UczPDLSQ8t0_5_118440_119000_features.csv
24/24_WLTE5Xg0kEU_3_38920_39360_features.csv
24/24_85mDdrBQTIY_3_77080_77440_features.csv
24/24_Sbqr-bH0-dI_3_103680_104280_features.csv
24/24__sOvXjWzjhg_6_101680_102160_features.csv
24/24_CD6bKEcBQkQ_9_19650_19950_features.csv
24/24_Z_c9m0gG9i8_3_401160_401440_features.csv
24/24_NE07pkgSCQQ_3_104900_105150_features.csv
24/24_NE07pkgSCQQ_3_116425_117100_features.csv
24/24_IlgY_gb74zw_3_244840_245120_features.csv
24/24_IlgY_gb74zw_3_147720_147880_features.csv
24/24_85mDdrBQTIY_3_339200_339560_features.csv
24/24_6CUL9lp60rg_5_124000_124240_features.csv
24/24_WX3UI5TtQQU_9_434880_435200_features.csv
24/24_Sbqr-bH0-dI_3_118440_118920_features.csv
24/24_xngvsDWg76I_9_14480_14960_features.csv
24/24_iYxytj9B3_I_3_54180_54480_features.csv
24/24_rIYSOtAtv48_3_137740_138140_features.csv
24/24_NE07pkgSCQQ_3_76475_76925_features.csv
24/24_iYxytj9B3_I_3_17260_17700_features.csv
24/24_bUI64GMzl_Q_10_73760_74200_features.csv
24/24_gR2aGrjNE84_2_6840_7160_features.csv
24/24_dx81Welon8k_3_41600_41960_features.csv
24/24_iLz0rQ5ZegY_3_23575_24025_features.csv
24/24_iYxytj9B3_I_3_247740_247960_features.csv
24/24_dCTAfv0_xBI_5_17640_17840_features.csv
24/24_PMKbDvdchpA_3_153640_154240_features.csv
24/24_Rkm_pr_RAY4_3_173680_174200_features.csv
24/24_D9fwn7c9xVQ_9_172080_172840_features.csv
24/24_iLz0rQ5ZegY_3_16850_17075_features.csv
24/24_IBBhBH6h1hg_6_94240_94680_features.csv
24/24_85mDdrBQTIY_3_343120_343640_features.csv
24/24_Sbqr-bH0-dI_3_169600_170000_features.csv
24/24_6CUL9lp60rg_5_737480_737880_features.csv
24/24_6CUL9lp60rg_5_636280_637120_features.csv
24/24_HSbkP5mw8n4_1_21200_21680_features.csv
24/24_U-px3QJ6XSU_1_31680_32000_features.csv
24/24_SKZIM1S4c78_5_30080_30280_features.csv
24/24_UQPvjVlIdUc_9_44680_45680_features.csv
24/24_WiQtjC50f-M_1_83500_83750_features.csv
24/24_IBBhBH6h1hg_6_93160_93720_features.csv
24/24_w2W4r3usjZE_9_89200_89600_features.csv
24/24_85mDdrBQTIY_3_240400_240560_features.csv
24/24_DScczXLhnM8_1_78880_79280_features.csv
24/24_kQ6tVot9iHg_9_70920_71160_features.csv
24/24_V3_vJEWGUlw_3_12840_13120_features.csv
24/24_PMKbDvdchpA_3_108200_108525_features.csv
24/24_6CUL9lp60rg_5_803840_804760_features.csv
24/24_ysz0CjirP84_9_59920_60360_features.csv
24/24_cv_amCPZDDQ_3_103640_103880_features.csv
24/24_SKZIM1S4c78_5_176840_177120_features.csv
24/24__LcXSjZwm_Q_5_32600_33080_features.csv
24/24_QfV-GOnjBcE_1_68880_69640_features.csv
24/24_SZRI8ND3EzU_9_241760_242880_features.csv
24/24_SKZIM1S4c78_5_14640_15000_features.csv
24/24_OU7hkPpVByc_1_34440_34720_features.csv
24/24_aJemwxTbM0E_9_203760_204480_features.csv
24/24_VBC2i8bbqa4_5_11760_12000_features.csv
24/24_IlgY_gb74zw_3_144840_145040_features.csv
24/24_9Qe1tpTAuNY_9_4875_5275_features.csv
24/24_W50BB1aT094_6_21680_22480_features.csv
24/24_OU7hkPpVByc_1_62240_62640_features.csv
24/24_F8ZtKUlxNco_5_103600_103840_features.csv
24/24_Z_c9m0gG9i8_3_181240_181600_features.csv
24/24_AHbS5GEGh1o_5_145800_146280_features.csv
24/24_SZRI8ND3EzU_9_71480_72080_features.csv
24/24_dx81Welon8k_3_146025_146475_features.csv
24/24_wKW6he7wPpg_10_65400_65920_features.csv
24/24_WiQtjC50f-M_1_280520_280840_features.csv
24/24_V3_vJEWGUlw_3_81840_82120_features.csv
24/24_spf1l3dAP68_3_271720_272120_features.csv
24/24_2Jl03q6tsRw_9_61080_61520_features.csv
24/24_o7_ernQvXQ4_3_14000_14500_features.csv
24/24_l611vk1622c_3_120680_121460_features.csv
24/24_U-px3QJ6XSU_1_28800_29160_features.csv
24/24_EL1G60MtjeQ_1_130960_131280_features.csv
24/24_W2RrXo-SE-I_1_13275_13575_features.csv
24/24_1orehjW53lo_3_279040_279680_features.csv
24/24_unh-5lZtCtw_9_27440_27920_features.csv
24/24_iLz0rQ5ZegY_3_15725_16150_features.csv
24/24_6CUL9lp60rg_5_198400_199320_features.csv
24/24_JghTBiAEwNc_5_40000_40640_features.csv
24/24_Sbqr-bH0-dI_3_73640_74000_features.csv
24/24_BIzEaMHCXiw_5_42200_42760_features.csv
24/24_cv_amCPZDDQ_3_12360_12560_features.csv
24/24_4byAyOXyn5U_6_62800_63280_features.csv
24/24__D83rNB-Bos_1_72680_73080_features.csv
24/24_PMKbDvdchpA_3_188960_189320_features.csv
24/24_dx81Welon8k_3_149600_149840_features.csv
24/24_9zZ5PHoNt7E_5_106280_106760_features.csv
24/24_gR2aGrjNE84_2_61920_62400_features.csv
24/24_l611vk1622c_3_91060_91420_features.csv
24/24_gR2aGrjNE84_2_95080_95440_features.csv
24/24_85mDdrBQTIY_3_34480_34920_features.csv
24/24_JV100VFWuzU_2_80225_80450_features.csv
24/24_SZRI8ND3EzU_9_284160_285400_features.csv
24/24_85mDdrBQTIY_3_242480_243080_features.csv
24/24_IlgY_gb74zw_3_82360_82800_features.csv
24/24_JV100VFWuzU_2_38475_38925_features.csv
24/24_iLz0rQ5ZegY_3_136250_136600_features.csv
24/24_pCtiQRICc-0_9_11320_12200_features.csv
24/24_M1xszBRw9Ro_10_346160_346560_features.csv
24/24_85mDdrBQTIY_3_97400_97920_features.csv
24/24_QfV-GOnjBcE_1_77960_78480_features.csv
24/24_JV100VFWuzU_2_27500_27775_features.csv
24/24_NE07pkgSCQQ_3_156800_157400_features.csv
24/24_IlgY_gb74zw_3_110120_110400_features.csv
24/24_6CUL9lp60rg_5_153000_153960_features.csv
24/24_gR2aGrjNE84_2_49640_49840_features.csv
24/24_D9fwn7c9xVQ_9_151680_152160_features.csv
24/24_iLz0rQ5ZegY_3_95960_96160_features.csv
24/24_PViDFh6IYAk_5_58040_58280_features.csv
24/24_fIHQbCOce5E_9_39880_40720_features.csv
24/24_G-oIy6FAUlk_10_132960_133280_features.csv
24/24_Z_c9m0gG9i8_3_261720_262160_features.csv
24/24_BIzEaMHCXiw_5_476440_476840_features.csv
24/24_nY6Ibj5Ud8w_1_137300_137550_features.csv
24/24_UABroDHd4q4_3_43375_43725_features.csv
24/24_QfV-GOnjBcE_1_36520_37040_features.csv
24/24_UczPDLSQ8t0_5_65880_66280_features.csv
24/24_FhpfERsdST8_3_130040_130600_features.csv
24/24_iYxytj9B3_I_3_237200_237460_features.csv
24/24_SZRI8ND3EzU_9_237720_238600_features.csv
24/24_WLTE5Xg0kEU_3_44640_45000_features.csv
24/24_FhpfERsdST8_3_123480_123640_features.csv
24/24_Zohg0xfNAv8_5_103950_104200_features.csv
24/24_hUBJgXS9Rzw_3_141400_141800_features.csv
24/24_gQyDV_g0Sv0_9_96000_96280_features.csv
24/24_6CUL9lp60rg_5_124760_125040_features.csv
24/24_bLvyP8PvPS8_5_185320_186040_features.csv
24/24_b6aA0SmeUUI_1_23250_23975_features.csv
24/24_WiQtjC50f-M_1_291640_292000_features.csv
24/24_unh-5lZtCtw_9_142080_142720_features.csv
24/24_6CUL9lp60rg_5_502800_503120_features.csv
24/24_amCdj5zSnE4_3_20660_20920_features.csv
24/24_b6aA0SmeUUI_1_25275_25575_features.csv
24/24_iYxytj9B3_I_3_216500_217100_features.csv
24/24_rIYSOtAtv48_3_134220_134840_features.csv
24/24_NE07pkgSCQQ_3_106240_106480_features.csv
24/24_4byAyOXyn5U_6_7000_7240_features.csv
24/24_W2RrXo-SE-I_1_18225_18475_features.csv
24/24_ERfCn8-c06o_9_158360_158640_features.csv
24/24_iYxytj9B3_I_3_205640_206000_features.csv
24/24_xngvsDWg76I_9_230680_230960_features.csv
24/24_WX3UI5TtQQU_9_143280_144000_features.csv
24/24_iLz0rQ5ZegY_3_83575_83975_features.csv
24/24_hUBJgXS9Rzw_3_184840_185040_features.csv
24/24_tu_eDaNW8iM_2_122320_122680_features.csv
24/24_V3_vJEWGUlw_3_134400_134600_features.csv
24/24_eM5BQk7WdbM_1_36680_37160_features.csv
24/24_M1xszBRw9Ro_10_233000_233200_features.csv
24/24_-f3iJKBOm-8_5_49880_50480_features.csv
24/24_Y_vSE4qGlXg_5_114550_114925_features.csv
24/24_JVYvMF536U8_5_80680_81280_features.csv
24/24_Z_c9m0gG9i8_3_242040_242440_features.csv
24/24_FhpfERsdST8_3_100880_101560_features.csv
24/24_1Huba-w4Mog_9_79360_79960_features.csv
24/24_QdeWaRVI0Y8_1_137360_137720_features.csv
24/24_IlgY_gb74zw_3_105960_106800_features.csv
24/24_9sK0M5PkKZ4_9_358080_358840_features.csv
14/14_9sK0M5PkKZ4_9_7200_7560_features.csv
14/14_LIUnahfsZN8_6_11225_11875_features.csv
14/14_MQ3EyC0S7Ik_9_15040_15400_features.csv
14/14_WLTE5Xg0kEU_3_105400_105840_features.csv
14/14_ABtvOBM1KWY_10_99040_99360_features.csv
14/14_AWBeuvAlNic_9_21760_22000_features.csv
14/14_Sy-OLfgn0NY_5_323275_323675_features.csv
14/14_jKmXwAO4kwA_1_38960_39200_features.csv
14/14_6CUL9lp60rg_5_693960_694720_features.csv
14/14_Sbqr-bH0-dI_3_88160_88560_features.csv
14/14_JGmBuPA3tQg_2_73300_73575_features.csv
14/14_PMKbDvdchpA_3_89900_90400_features.csv
14/14_unh-5lZtCtw_9_22120_22560_features.csv
14/14_Ss66tHhsdro_6_285680_286360_features.csv
14/14_8ikFug8AtA0_5_9200_9960_features.csv
14/14_cPXM_L2UaMQ_10_11400_11960_features.csv
14/14_FfdM5QeoU0k_5_86000_86680_features.csv
14/14_UQPvjVlIdUc_9_95160_95520_features.csv
14/14_FjwiV_apYuw_8_3960_4280_features.csv
14/14_8j29V2Gcy1M_9_41040_41280_features.csv
14/14_J0MPbJzW4bs_10_45000_45600_features.csv
14/14_85mDdrBQTIY_3_375520_375960_features.csv
14/14_w2W4r3usjZE_9_2920_3480_features.csv
14/14_Ss66tHhsdro_6_303520_303880_features.csv
14/14_cPXM_L2UaMQ_10_63000_63440_features.csv
14/14_BrT-NiLf2v0_6_42840_43240_features.csv
14/14__LcXSjZwm_Q_5_18120_18560_features.csv
14/14_IBBhBH6h1hg_6_4680_5280_features.csv
14/14_cv_amCPZDDQ_3_107600_108120_features.csv
14/14_eEnw82ssF00_7_98880_99520_features.csv
14/14_26iZWy0bi9U_1_30880_31200_features.csv
14/14_hUBJgXS9Rzw_3_107840_108240_features.csv
14/14_I1W0BLPETf8_10_3400_4080_features.csv
14/14_pTyFGqAdi4A_9_12160_12600_features.csv
14/14_CdYhKZb2rVo_8_116480_116760_features.csv
14/14_o6Kca8E43eg_10_20320_20720_features.csv
14/14_v9sYsMMCacc_10_18240_18680_features.csv
14/14_hUBJgXS9Rzw_3_7200_7600_features.csv
14/14_2nd-XLJzOsE_5_68880_70000_features.csv
14/14_L6NCVoh6YiE_5_32520_33080_features.csv
14/14_jKmXwAO4kwA_1_7120_7400_features.csv
14/14_UczPDLSQ8t0_5_39560_40080_features.csv
14/14_o6Kca8E43eg_10_184320_184720_features.csv
14/14_uYIHRM0YcT8_9_139125_139500_features.csv
14/14_3UP67jkT3xc_5_46280_46720_features.csv
14/14_CdYhKZb2rVo_8_55800_56040_features.csv
14/14_U5LEX0riqiU_2_74075_74675_features.csv
14/14__Lb4gBLfFSA_1_47280_47480_features.csv
14/14_5JuNS_vnIYs_3_4880_5280_features.csv
14/14_6CUL9lp60rg_5_771240_771440_features.csv
14/14_XErS7f6c0AM_5_93600_94320_features.csv
14/14_1orehjW53lo_3_142720_143080_features.csv
14/14_o7_ernQvXQ4_3_88025_88600_features.csv
14/14_Sbqr-bH0-dI_3_129480_129920_features.csv
14/14_Ss66tHhsdro_6_307240_307960_features.csv
14/14_Sy-OLfgn0NY_5_253200_254120_features.csv
14/14_M1xszBRw9Ro_10_415520_416120_features.csv
14/14_1orehjW53lo_3_270960_271280_features.csv
14/14_ABtvOBM1KWY_10_101475_102000_features.csv
14/14_1orehjW53lo_3_64040_64360_features.csv
14/14_2nd-XLJzOsE_5_25720_26160_features.csv
14/14_xLsHnvl2Jyw_9_11960_12200_features.csv
14/14_1orehjW53lo_3_176200_176640_features.csv
14/14_NE07pkgSCQQ_3_131650_132075_features.csv
14/14_IlgY_gb74zw_3_148000_148440_features.csv
14/14_XErS7f6c0AM_5_168160_168640_features.csv
14/14_ERfCn8-c06o_9_180560_180800_features.csv
14/14_6CUL9lp60rg_5_588560_588800_features.csv
14/14_pCtiQRICc-0_9_105080_105880_features.csv
14/14_1orehjW53lo_3_162840_163320_features.csv
14/14_pTyFGqAdi4A_9_37360_37880_features.csv
14/14_0qeYLvPBJWs_9_170200_170440_features.csv
14/14_pCtiQRICc-0_9_6960_7760_features.csv
14/14_rIYSOtAtv48_3_16320_16800_features.csv
14/14_V3_vJEWGUlw_3_99880_100560_features.csv
14/14_ZURvR5zCzY4_10_42440_42840_features.csv
14/14_HSbkP5mw8n4_1_65280_65880_features.csv
14/14_pTyFGqAdi4A_9_29840_30040_features.csv
14/14_l611vk1622c_3_30620_31000_features.csv
14/14_1Huba-w4Mog_9_100080_100480_features.csv
14/14_EHumoIaIfbU_1_10720_11000_features.csv
14/14_BXAiYnEyX-4_1_171200_171400_features.csv
14/14_NE07pkgSCQQ_3_205450_205800_features.csv
14/14_8j29V2Gcy1M_9_104520_105200_features.csv
14/14_DCEb-mtfXV4_10_23560_23960_features.csv
14/14_VMoazggJVD0_9_6160_6960_features.csv
14/14_ACFoRUxG8oA_5_34760_35240_features.csv
14/14_iYxytj9B3_I_3_208100_208620_features.csv
14/14_o6Kca8E43eg_10_169000_169280_features.csv
14/14_BIzEaMHCXiw_5_30840_31360_features.csv
14/14_eEnw82ssF00_7_328000_328560_features.csv
14/14_sJcrfC-jm-M_5_76800_77680_features.csv
14/14_G-oIy6FAUlk_10_146520_147080_features.csv
14/14_IBBhBH6h1hg_6_87920_88560_features.csv
14/14_EHumoIaIfbU_1_78120_78400_features.csv
14/14_znyGvu-Bp28_5_56000_56440_features.csv
14/14__MM_-_lvYmE_10_17120_17400_features.csv
14/14_UczPDLSQ8t0_5_55040_55520_features.csv
14/14_D9fwn7c9xVQ_9_183320_183760_features.csv
14/14_r_NG6V4aYek_9_191680_192000_features.csv
14/14_SKZIM1S4c78_5_18400_18920_features.csv
14/14_85mDdrBQTIY_3_52280_52560_features.csv
14/14_8j29V2Gcy1M_9_89840_90320_features.csv
14/14_M1xszBRw9Ro_10_190240_190920_features.csv
14/14_yiuqNGOv6_o_5_56880_57400_features.csv
14/14_OU7hkPpVByc_1_14240_14840_features.csv
14/14_74qVhYFaEuM_1_15520_16000_features.csv
14/14_Ss66tHhsdro_6_225200_225775_features.csv
14/14_cv_amCPZDDQ_3_163920_164320_features.csv
14/14__MM_-_lvYmE_10_22960_23360_features.csv
14/14_G-oIy6FAUlk_10_180240_180600_features.csv
14/14_SoDMi4-bSgo_7_20275_21025_features.csv
14/14_Ss66tHhsdro_6_303000_303440_features.csv
14/14_Rkm_pr_RAY4_3_113240_113560_features.csv
14/14_9sK0M5PkKZ4_9_98960_99320_features.csv
14/14_W2RrXo-SE-I_1_34300_34675_features.csv
14/14_4byAyOXyn5U_6_96240_96840_features.csv
14/14_nY6Ibj5Ud8w_1_167800_168125_features.csv
14/14_UABroDHd4q4_3_73375_73775_features.csv
14/14_tyknYCHAjKM_2_48925_49275_features.csv
14/14_iYxytj9B3_I_3_203900_204320_features.csv
14/14_M1xszBRw9Ro_10_49080_49480_features.csv
14/14_CdYhKZb2rVo_8_3040_3440_features.csv
14/14_o6Kca8E43eg_10_71880_72480_features.csv
14/14_TDH6B8JDB5E_1_56525_57100_features.csv
14/14_Ss66tHhsdro_6_99440_99960_features.csv
14/14_hUBJgXS9Rzw_3_31600_31960_features.csv
14/14_r_NG6V4aYek_9_274080_275480_features.csv
14/14_vyGbKTk-gzg_3_11520_11840_features.csv
14/14_MaZUl_KP8Ao_6_5520_5960_features.csv
14/14_UQPvjVlIdUc_9_211800_212040_features.csv
14/14_70aA_f5W2eg_5_7080_7480_features.csv
14/14_NE07pkgSCQQ_3_141100_141500_features.csv
14/14_PMKbDvdchpA_3_257075_257450_features.csv
14/14_WLTE5Xg0kEU_3_123520_123800_features.csv
14/14_l88gZYCbR5g_5_118040_118560_features.csv
14/14_g0JVrfPwaV0_1_27840_28040_features.csv
14/14_G-oIy6FAUlk_10_178480_178880_features.csv
14/14_ERfCn8-c06o_9_162520_163240_features.csv
14/14_3UP67jkT3xc_5_14280_14920_features.csv
14/14_4viQG8CNp4M_5_18880_19440_features.csv
14/14_Sbqr-bH0-dI_3_100800_101360_features.csv
14/14_MQ3EyC0S7Ik_9_129040_129360_features.csv
14/14_iYxytj9B3_I_3_147700_148100_features.csv
14/14_NE07pkgSCQQ_3_172575_172975_features.csv
14/14_6gwIyDawfiQ_5_53680_54080_features.csv
14/14_ERfCn8-c06o_9_10200_10480_features.csv
14/14_XErS7f6c0AM_5_251560_251960_features.csv
14/14_vG2jP8oVSuE_7_8640_9160_features.csv
14/14_QdeWaRVI0Y8_1_91880_92400_features.csv
14/14_Ss66tHhsdro_6_96400_96920_features.csv
14/14_ZVbD1_PPs9A_6_105360_106240_features.csv
14/14_J0MPbJzW4bs_10_8600_9240_features.csv
14/14_SKZIM1S4c78_5_192920_193120_features.csv
14/14_4aEZM2dzaI4_6_6960_8280_features.csv
14/14_J0MPbJzW4bs_10_38000_38600_features.csv
14/14_M1xszBRw9Ro_10_429200_429440_features.csv
14/14_unh-5lZtCtw_9_140400_140800_features.csv
14/14_XErS7f6c0AM_5_219840_220520_features.csv
14/14_ERfCn8-c06o_9_159120_159560_features.csv
14/14_ZVbD1_PPs9A_6_127320_128080_features.csv
14/14_Zohg0xfNAv8_5_180000_180700_features.csv
14/14_yiuqNGOv6_o_5_80600_80920_features.csv
14/14_JGmBuPA3tQg_2_139750_140000_features.csv
14/14_rbwiOnDjex4_3_10775_11175_features.csv
14/14_CoaGlX3F-E4_3_57520_57960_features.csv
14/14_j5_zf5uQSRk_5_10120_10680_features.csv
14/14_MaZUl_KP8Ao_6_33400_33960_features.csv
14/14_q6eYkkDsMEU_5_87680_87960_features.csv
14/14_dx81Welon8k_3_130225_130725_features.csv
14/14_HSbkP5mw8n4_1_39600_39920_features.csv
14/14_6CUL9lp60rg_5_661280_661640_features.csv
14/14_nY6Ibj5Ud8w_1_12560_13000_features.csv
14/14_j3qyr4JjZKw_6_5040_5680_features.csv
14/14_DCEb-mtfXV4_10_66280_66600_features.csv
14/14_UQPvjVlIdUc_9_72120_72520_features.csv
14/14_UABroDHd4q4_3_161125_161600_features.csv
14/14_4hnp5xIWiwQ_9_41520_42040_features.csv
14/14_k36ANsahsm0_8_66080_66400_features.csv
14/14_cv_amCPZDDQ_3_95600_96040_features.csv
14/14_ERfCn8-c06o_9_19280_19600_features.csv
14/14_CdYhKZb2rVo_8_57920_58240_features.csv
14/14_QHUQlQdmZQE_2_64350_64900_features.csv
14/14_ERfCn8-c06o_9_167000_167480_features.csv
14/14_W2RrXo-SE-I_1_149800_149960_features.csv
14/14_M1xszBRw9Ro_10_449520_449960_features.csv
14/14_J0MPbJzW4bs_10_85400_85640_features.csv
14/14_UABroDHd4q4_3_14650_15025_features.csv
14/14_UABroDHd4q4_3_20325_20675_features.csv
14/14_D9fwn7c9xVQ_9_173560_173840_features.csv
14/14_S7ltODt2LKM_9_24520_25080_features.csv
14/14_Sy-OLfgn0NY_5_88225_88500_features.csv
14/14_AWBeuvAlNic_9_25200_25720_features.csv
14/14_PfhJdrof8v8_5_24120_24600_features.csv
14/14_6CUL9lp60rg_5_538280_538720_features.csv
14/14_S7ltODt2LKM_9_29080_29680_features.csv
14/14_qM1ejOeP6EI_5_26480_26920_features.csv
14/14_aJemwxTbM0E_9_307050_307900_features.csv
14/14_CrHmtfLAZec_9_174320_174600_features.csv
14/14_CdYhKZb2rVo_8_97280_97760_features.csv
14/14_uYIHRM0YcT8_9_50875_51400_features.csv
14/14_SKZIM1S4c78_5_120720_121200_features.csv
14/14_pTyFGqAdi4A_9_57520_58120_features.csv
14/14_S7ltODt2LKM_9_37400_37640_features.csv
14/14_4hnp5xIWiwQ_9_82360_82800_features.csv
14/14_e7Rkdh0Iq04_3_29550_29900_features.csv
14/14_HSbkP5mw8n4_1_30500_30775_features.csv
14/14_DCEb-mtfXV4_10_13280_13640_features.csv
14/14_xLsHnvl2Jyw_9_38200_38720_features.csv
14/14_8j29V2Gcy1M_9_138240_138680_features.csv
14/14_BXAiYnEyX-4_1_25120_25320_features.csv
14/14_6CUL9lp60rg_5_376920_377320_features.csv
14/14_CrHmtfLAZec_9_111640_111960_features.csv
14/14_JGmBuPA3tQg_2_46025_46225_features.csv
14/14_UczPDLSQ8t0_5_73880_74360_features.csv
14/14_pCtiQRICc-0_9_83720_84200_features.csv
14/14_0E0-Ql8bgl0_6_35400_36240_features.csv
14/14_CD6bKEcBQkQ_9_55525_55950_features.csv
14/14_QHUQlQdmZQE_2_66400_66700_features.csv
14/14__LcXSjZwm_Q_5_123075_123625_features.csv
14/14_gQyDV_g0Sv0_9_151760_152200_features.csv
14/14_ABtvOBM1KWY_10_90840_91160_features.csv
14/14_UABroDHd4q4_3_243850_244275_features.csv
14/14_cPXM_L2UaMQ_10_32120_32400_features.csv
14/14_hUBJgXS9Rzw_3_49560_49880_features.csv
14/14_54hyTaGhPFs_5_82640_83480_features.csv
14/14_C7QdnEP_YGI_6_19480_19880_features.csv
14/14_nY6Ibj5Ud8w_1_154675_155050_features.csv
14/14_uBrakY05r9M_5_59520_59880_features.csv
14/14_qM1ejOeP6EI_5_39040_39520_features.csv
14/14_nY6Ibj5Ud8w_1_111450_111825_features.csv
14/14_UQPvjVlIdUc_9_198120_198520_features.csv
14/14_q6eYkkDsMEU_5_84080_84560_features.csv
14/14_ABtvOBM1KWY_10_19050_19525_features.csv
14/14_L6NCVoh6YiE_5_175360_175600_features.csv
14/14_L6NCVoh6YiE_5_70520_71040_features.csv
14/14_xngvsDWg76I_9_265440_266360_features.csv
14/14_b6aA0SmeUUI_1_59775_60200_features.csv
14/14__Lb4gBLfFSA_1_42600_43040_features.csv
14/14_8j29V2Gcy1M_9_112400_113000_features.csv
14/14_CdYhKZb2rVo_8_114520_115000_features.csv
14/14_1Huba-w4Mog_9_49760_50000_features.csv
14/14_CdYhKZb2rVo_8_62000_62560_features.csv
14/14_WKeVl2Nt3iA_10_71080_71400_features.csv
14/14_4hnp5xIWiwQ_9_67400_67720_features.csv
14/14_9Qe1tpTAuNY_9_32925_33625_features.csv
14/14_4viQG8CNp4M_5_176760_177120_features.csv
14/14_bUI64GMzl_Q_10_118280_118600_features.csv
14/14_G-oIy6FAUlk_10_183920_184760_features.csv
14/14_G-oIy6FAUlk_10_76120_76480_features.csv
14/14_CdYhKZb2rVo_8_6920_7080_features.csv
14/14_AHbS5GEGh1o_5_2720_3000_features.csv
14/14_fIHQbCOce5E_9_8920_9440_features.csv
14/14_uWQV03Uryco_7_13800_14160_features.csv
14/14_ABtvOBM1KWY_10_57375_58200_features.csv
14/14_aMyljzx7qJs_8_27000_27320_features.csv
14/14_rbwiOnDjex4_3_180450_180900_features.csv
14/14_Ss66tHhsdro_6_326800_327325_features.csv
14/14_dkMY6WD6oRY_3_25120_25520_features.csv
14/14_OwWldpOh0yo_5_30025_30525_features.csv
14/14_I1W0BLPETf8_10_19640_20320_features.csv
14/14_PfhJdrof8v8_5_91200_91720_features.csv
14/14_HSbkP5mw8n4_1_55440_56080_features.csv
14/14_pTyFGqAdi4A_9_50520_51800_features.csv
14/14_o6Kca8E43eg_10_8040_8360_features.csv
14/14_DCEb-mtfXV4_10_94200_94600_features.csv
14/14_4hnp5xIWiwQ_9_43440_43680_features.csv
14/14_IlgY_gb74zw_3_149720_150120_features.csv
14/14_unh-5lZtCtw_9_109640_109920_features.csv
14/14_2nd-XLJzOsE_5_31560_31800_features.csv
14/14_JGmBuPA3tQg_2_69560_70080_features.csv
14/14_wgmHta_ijns_9_104120_104560_features.csv
14/14_iYxytj9B3_I_3_122560_122920_features.csv
14/14_PMKbDvdchpA_3_186400_186680_features.csv
14/14_M1xszBRw9Ro_10_107320_107880_features.csv
14/14_uYIHRM0YcT8_9_126875_127150_features.csv
14/14_47YmPhcPnQ0_10_16360_17040_features.csv
14/14_9sK0M5PkKZ4_9_84920_85160_features.csv
14/14_0qeYLvPBJWs_9_138840_139480_features.csv
14/14_PteWobzf9ag_10_119280_119560_features.csv
14/14_PMKbDvdchpA_3_249325_249625_features.csv
14/14_M1xszBRw9Ro_10_323120_323400_features.csv
14/14_rbwiOnDjex4_3_168100_168525_features.csv
14/14_xLsHnvl2Jyw_9_8360_8760_features.csv
14/14_k36ANsahsm0_8_91080_91280_features.csv
14/14_cPXM_L2UaMQ_10_80080_80480_features.csv
14/14_BIzEaMHCXiw_5_36240_36640_features.csv
14/14_CrHmtfLAZec_9_191560_192160_features.csv
14/14_aMyljzx7qJs_8_137120_137600_features.csv
14/14_iYxytj9B3_I_3_188920_189260_features.csv
14/14_aMyljzx7qJs_8_34520_34920_features.csv
14/14_M1xszBRw9Ro_10_356080_356680_features.csv
14/14_5PWLe5GaIEA_5_92960_93400_features.csv
14/14_DScczXLhnM8_1_88960_89360_features.csv
14/14_q36fZcYH3fc_3_53050_53425_features.csv
14/14_l611vk1622c_3_72180_72580_features.csv
14/14_M1xszBRw9Ro_10_164800_165240_features.csv
14/14_NE07pkgSCQQ_3_67450_68150_features.csv
14/14_M1xszBRw9Ro_10_262720_263280_features.csv
14/14_XErS7f6c0AM_5_183320_183760_features.csv
14/14_xngvsDWg76I_9_25040_26280_features.csv
14/14_85mDdrBQTIY_3_26520_27360_features.csv
14/14_ABtvOBM1KWY_10_84760_85240_features.csv
14/14_cPXM_L2UaMQ_10_108960_109360_features.csv
14/14_ABtvOBM1KWY_10_44400_44875_features.csv
14/14_4WOjGpvUXJM_1_6440_6960_features.csv
14/14_DCEb-mtfXV4_10_63080_63400_features.csv
14/14_uYIHRM0YcT8_9_150350_150650_features.csv
14/14_pTyFGqAdi4A_9_72840_73160_features.csv
14/14_pTyFGqAdi4A_9_2840_3600_features.csv
14/14_dx81Welon8k_3_112650_113100_features.csv
14/14_vyGbKTk-gzg_3_124720_125040_features.csv
14/14_dx81Welon8k_3_107075_107550_features.csv
14/14_WX3UI5TtQQU_9_197840_198440_features.csv
14/14_BXAiYnEyX-4_1_38880_39280_features.csv
14/14_aMyljzx7qJs_8_31800_32120_features.csv
14/14_D9fwn7c9xVQ_9_117120_117480_features.csv
14/14_ERfCn8-c06o_9_17040_17200_features.csv
14/14_q6eYkkDsMEU_5_45040_45400_features.csv
14/14_j5_zf5uQSRk_5_48080_48320_features.csv
14/14_aMyljzx7qJs_8_131040_131240_features.csv
14/14_eM5BQk7WdbM_1_46840_47360_features.csv
14/14_CdYhKZb2rVo_8_45080_45520_features.csv
14/14_iLz0rQ5ZegY_3_151925_152400_features.csv
14/14_WX3UI5TtQQU_9_229200_229600_features.csv
14/14_pCtiQRICc-0_9_16960_17480_features.csv
14/14_WX3UI5TtQQU_9_32920_33360_features.csv
14/14_gQyDV_g0Sv0_9_3240_3560_features.csv
14/14_tu_eDaNW8iM_2_18575_18850_features.csv
14/14_QHUQlQdmZQE_2_49840_50080_features.csv
14/14_b_DZItc_MT8_5_66200_66560_features.csv
14/14_k36ANsahsm0_8_3080_3440_features.csv
14/14_Zt_IRWKZeNM_3_142960_143400_features.csv
14/14_U5LEX0riqiU_2_82080_82400_features.csv
14/14_W50BB1aT094_6_78025_78425_features.csv
14/14_eEnw82ssF00_7_329000_329240_features.csv
14/14__MM_-_lvYmE_10_5800_6360_features.csv
14/14_r_NG6V4aYek_9_182240_182440_features.csv
14/14_DCEb-mtfXV4_10_14240_14640_features.csv
14/14_nY6Ibj5Ud8w_1_82720_83040_features.csv
14/14_aMyljzx7qJs_8_128150_128700_features.csv
14/14_2y2MnHD4i8o_6_3440_4160_features.csv
14/14_nY6Ibj5Ud8w_1_51880_52120_features.csv
14/14_Dc7A-zC9x3I_1_20840_21080_features.csv
14/14_tyknYCHAjKM_2_13200_13480_features.csv
14/14_BIzEaMHCXiw_5_470040_470520_features.csv
14/14_DCEb-mtfXV4_10_3200_3480_features.csv
14/14_4hnp5xIWiwQ_9_33840_34440_features.csv
14/14_1orehjW53lo_3_42440_42720_features.csv
14/14_UQPvjVlIdUc_9_208360_208760_features.csv
14/14_5PWLe5GaIEA_5_33240_33680_features.csv
14/14_4HOJSm5XYeo_9_22520_23000_features.csv
14/14_M1xszBRw9Ro_10_300240_300560_features.csv
14/14_Ss66tHhsdro_6_106875_107325_features.csv
14/14_D9fwn7c9xVQ_9_164680_165600_features.csv
14/14_EL1G60MtjeQ_1_205880_206280_features.csv
14/14_uYIHRM0YcT8_9_12900_13275_features.csv
14/14_C7QdnEP_YGI_6_39480_40160_features.csv
14/14_aJemwxTbM0E_9_285320_286120_features.csv
14/14_gQyDV_g0Sv0_9_139400_139720_features.csv
14/14_unh-5lZtCtw_9_118840_119320_features.csv
14/14_xngvsDWg76I_9_100800_101200_features.csv
14/14_4viQG8CNp4M_5_197560_198040_features.csv
14/14_nY6Ibj5Ud8w_1_32600_32975_features.csv
14/14_ERfCn8-c06o_9_83560_84000_features.csv
14/14_6CUL9lp60rg_5_340960_341640_features.csv
14/14__Lb4gBLfFSA_1_39280_39720_features.csv
14/14_VBC2i8bbqa4_5_89240_90360_features.csv
14/14_6gwIyDawfiQ_5_51360_51760_features.csv
14/14_WKeVl2Nt3iA_10_3240_3720_features.csv
14/14_ZVbD1_PPs9A_6_56600_57280_features.csv
14/14_qM1ejOeP6EI_5_15120_15640_features.csv
14/14_PfhJdrof8v8_5_146160_146680_features.csv
14/14_nY6Ibj5Ud8w_1_190200_190575_features.csv
14/14_ZURvR5zCzY4_10_6920_7560_features.csv
14/14_e7Rkdh0Iq04_3_40400_40840_features.csv
14/14_QdeWaRVI0Y8_1_53880_54400_features.csv
14/14_rbwiOnDjex4_3_21900_22350_features.csv
14/14_Ss66tHhsdro_6_33240_33880_features.csv
14/14_UABroDHd4q4_3_240125_240475_features.csv
14/14_o6Kca8E43eg_10_109520_110640_features.csv
14/14_FjwiV_apYuw_8_30960_31160_features.csv
14/14_SKZIM1S4c78_5_6320_6880_features.csv
14/14_54hyTaGhPFs_5_50120_50760_features.csv
14/14_bLvyP8PvPS8_5_157800_158480_features.csv
14/14_o6Kca8E43eg_10_124440_125400_features.csv
14/14_zron8Ed237Q_1_51160_51520_features.csv
14/14_UABroDHd4q4_3_249525_250000_features.csv
14/14_NE07pkgSCQQ_3_11400_11850_features.csv
14/14_6CUL9lp60rg_5_775080_775480_features.csv
14/14_aMyljzx7qJs_8_135640_135840_features.csv
14/14_UQPvjVlIdUc_9_124720_125000_features.csv
14/14_nY6Ibj5Ud8w_1_148700_149200_features.csv
14/14_CdYhKZb2rVo_8_51120_51480_features.csv
14/14_tyknYCHAjKM_2_11350_11575_features.csv
14/14_vyGbKTk-gzg_3_98440_98840_features.csv
14/14_ERfCn8-c06o_9_172280_172520_features.csv
14/14_6CUL9lp60rg_5_99920_100440_features.csv
14/14_JVYvMF536U8_5_84080_84360_features.csv
14/14_Y_vSE4qGlXg_5_64550_64925_features.csv
14/14_rIYSOtAtv48_3_40600_40960_features.csv
14/14_PteWobzf9ag_10_112920_113440_features.csv
14/14_vyGbKTk-gzg_3_128680_129200_features.csv
14/14_JVYvMF536U8_5_40480_41160_features.csv
14/14_MQ3EyC0S7Ik_9_114920_115640_features.csv
14/14_I1W0BLPETf8_10_13040_13720_features.csv
14/14_v9sYsMMCacc_10_10280_10560_features.csv
14/14_IlgY_gb74zw_3_287360_287720_features.csv
14/14_JV100VFWuzU_2_8900_9425_features.csv
14/14_M1xszBRw9Ro_10_280000_280480_features.csv
14/14_UABroDHd4q4_3_10025_10275_features.csv
14/14_FDn0rRSoYx4_6_23975_24300_features.csv
14/14_G-oIy6FAUlk_10_10000_10880_features.csv
14/14_8j29V2Gcy1M_9_73400_73680_features.csv
14/14_MQ3EyC0S7Ik_9_121600_121840_features.csv
14/14_IBBhBH6h1hg_6_23200_23640_features.csv
14/14_DScczXLhnM8_1_18200_18560_features.csv
14/14_4byAyOXyn5U_6_99640_100040_features.csv
14/14_gQyDV_g0Sv0_9_107880_108400_features.csv
14/14_wgmHta_ijns_9_48320_48840_features.csv
14/14_LIUnahfsZN8_6_22500_22925_features.csv
14/14_1kIzNH2U2nA_6_16080_17400_features.csv
14/14_PfhJdrof8v8_5_28600_29160_features.csv
14/14_4hnp5xIWiwQ_9_80160_80520_features.csv
14/14_rbwiOnDjex4_3_131125_131750_features.csv
14/14_BIzEaMHCXiw_5_448640_449040_features.csv
14/14_c9ZdpffShj4_3_21280_21640_features.csv
14/14_aMyljzx7qJs_8_83720_83960_features.csv
14/14_spf1l3dAP68_3_110360_110800_features.csv
14/14_BrT-NiLf2v0_6_14040_14920_features.csv
14/14_ABtvOBM1KWY_10_72350_72700_features.csv
14/14_8j29V2Gcy1M_9_154360_154920_features.csv
14/14_rbwiOnDjex4_3_146325_146750_features.csv
39/39_JVYvMF536U8_5_38720_39640_features.csv
39/39_g7MYVJ9vj7g_6_19575_20425_features.csv
39/39__sOvXjWzjhg_6_119880_120680_features.csv
39/39_cv_amCPZDDQ_3_64520_65040_features.csv
39/39_vyGbKTk-gzg_3_129800_130400_features.csv
39/39_q_iwTyy6O8k_9_28300_28800_features.csv
39/39_sJcrfC-jm-M_5_37800_38480_features.csv
39/39_9sK0M5PkKZ4_9_10920_11440_features.csv
39/39_S7ltODt2LKM_9_51560_52440_features.csv
39/39_bN8xiV0toNI_5_56360_57080_features.csv
39/39_SZRI8ND3EzU_9_141400_142040_features.csv
39/39_aJemwxTbM0E_9_256300_257475_features.csv
39/39_W50BB1aT094_6_96375_96950_features.csv
39/39_dx81Welon8k_3_60675_61125_features.csv
39/39_VMoazggJVD0_9_2560_3560_features.csv
39/39_IlgY_gb74zw_3_251600_252240_features.csv
39/39_85mDdrBQTIY_3_384520_385240_features.csv
39/39_vyGbKTk-gzg_3_58840_59640_features.csv
39/39_Ss66tHhsdro_6_231640_232120_features.csv
39/39_vG2jP8oVSuE_7_3000_3680_features.csv
39/39_bN8xiV0toNI_5_120760_121520_features.csv
39/39_QP6Lh2cypZU_9_174040_174600_features.csv
39/39_Ss66tHhsdro_6_34280_35720_features.csv
39/39_FDn0rRSoYx4_6_9800_10200_features.csv
39/39_S7ltODt2LKM_9_38480_39120_features.csv
39/39_5PWLe5GaIEA_5_6520_7160_features.csv
39/39_aJemwxTbM0E_9_145400_146425_features.csv
39/39_sJcrfC-jm-M_5_67720_68160_features.csv
39/39_V3_vJEWGUlw_3_16760_17320_features.csv
39/39_V3_vJEWGUlw_3_41280_41920_features.csv
39/39_Ss66tHhsdro_6_2960_3760_features.csv
39/39_IlgY_gb74zw_3_267360_267960_features.csv
39/39_9XxebdcDyI8_3_143960_144320_features.csv
39/39_ERfCn8-c06o_9_118000_118760_features.csv
39/39_b_DZItc_MT8_5_60920_61320_features.csv
39/39_PViDFh6IYAk_5_15240_15800_features.csv
39/39_uYIHRM0YcT8_9_199975_200650_features.csv
39/39_pT_tU8anQgE_5_40840_41560_features.csv
39/39_1orehjW53lo_3_17160_17560_features.csv
39/39_9sK0M5PkKZ4_9_108800_110040_features.csv
39/39_W4oR4lWGp0A_5_44480_45520_features.csv
39/39_aJemwxTbM0E_9_138050_139050_features.csv
39/39_JVYvMF536U8_5_11640_12120_features.csv
39/39_QP6Lh2cypZU_9_16400_16960_features.csv
39/39_eEnw82ssF00_7_100000_100640_features.csv
39/39_HCf93Ng8W_M_6_81550_82025_features.csv
39/39_W4oR4lWGp0A_5_26675_27000_features.csv
39/39_PViDFh6IYAk_5_4680_5400_features.csv
39/39_aJemwxTbM0E_9_15650_16875_features.csv
39/39_PViDFh6IYAk_5_11680_12320_features.csv
39/39_4aEZM2dzaI4_6_13480_14200_features.csv
39/39_W50BB1aT094_6_11175_11675_features.csv
39/39_XErS7f6c0AM_5_151040_151360_features.csv
39/39_bN8xiV0toNI_5_78200_78880_features.csv
39/39_V3_vJEWGUlw_3_3320_4080_features.csv
39/39_Rkm_pr_RAY4_3_86240_87080_features.csv
39/39_QP6Lh2cypZU_9_87960_88920_features.csv
39/39_VBC2i8bbqa4_5_135080_135720_features.csv
39/39_D9fwn7c9xVQ_9_13160_14320_features.csv
39/39_SZRI8ND3EzU_9_210440_211440_features.csv
39/39_4viQG8CNp4M_5_94120_95080_features.csv
39/39_9sK0M5PkKZ4_9_51320_52280_features.csv
39/39_vG2jP8oVSuE_7_6360_6800_features.csv
39/39_X-9JcsybQ9A_5_32600_33080_features.csv
39/39_70aA_f5W2eg_5_157200_158120_features.csv
39/39_4viQG8CNp4M_5_106680_107440_features.csv
39/39_S7ltODt2LKM_9_65000_66160_features.csv
39/39_spf1l3dAP68_3_101320_101880_features.csv
39/39_dx81Welon8k_3_57050_57825_features.csv
39/39_SZRI8ND3EzU_9_290200_291360_features.csv
39/39_VMoazggJVD0_9_37800_38200_features.csv
39/39_q6eYkkDsMEU_5_43080_43560_features.csv
39/39_VBC2i8bbqa4_5_38800_39250_features.csv
39/39_70aA_f5W2eg_5_173160_174440_features.csv
39/39_q_iwTyy6O8k_9_65375_66450_features.csv
39/39_1orehjW53lo_3_157120_158000_features.csv
39/39_9sK0M5PkKZ4_9_2560_3640_features.csv
39/39_6CUL9lp60rg_5_170720_172080_features.csv
39/39_IBBhBH6h1hg_6_6360_6920_features.csv
39/39_pCtiQRICc-0_9_12440_12840_features.csv
39/39_b_DZItc_MT8_5_3880_4720_features.csv
39/39_9sK0M5PkKZ4_9_54920_55920_features.csv
39/39_eEnw82ssF00_7_101400_101840_features.csv
39/39_dKNNEbICWSY_5_33160_33880_features.csv
39/39_1orehjW53lo_3_146080_146920_features.csv
39/39_q_iwTyy6O8k_9_109700_110550_features.csv
39/39_XErS7f6c0AM_5_205800_206240_features.csv
39/39_q_iwTyy6O8k_9_4625_6075_features.csv
39/39_eEnw82ssF00_7_81040_81920_features.csv
39/39_1orehjW53lo_3_2640_3240_features.csv
39/39_X-9JcsybQ9A_5_57800_58360_features.csv
39/39_q36fZcYH3fc_3_180475_180950_features.csv
39/39_V3_vJEWGUlw_3_9440_9880_features.csv
39/39_9sK0M5PkKZ4_9_265080_265800_features.csv
39/39_5PWLe5GaIEA_5_3600_4280_features.csv
39/39_rIYSOtAtv48_3_31500_32040_features.csv
18/18_0qeYLvPBJWs_9_58440_58760_features.csv
18/18_h3oSdHnp__s_10_87640_88120_features.csv
18/18_IlgY_gb74zw_3_88720_89520_features.csv
18/18_aMyljzx7qJs_8_92320_93040_features.csv
18/18_cPXM_L2UaMQ_10_99880_100440_features.csv
18/18_eEnw82ssF00_7_73280_73800_features.csv
18/18_9zZ5PHoNt7E_5_115600_116200_features.csv
18/18_bUI64GMzl_Q_10_31520_32040_features.csv
18/18_unh-5lZtCtw_9_73240_73480_features.csv
18/18_hUBJgXS9Rzw_3_183160_183920_features.csv
18/18_CrHmtfLAZec_9_13360_13760_features.csv
18/18_4viQG8CNp4M_5_236160_236600_features.csv
18/18_0qeYLvPBJWs_9_24320_24960_features.csv
18/18_VMoazggJVD0_9_30120_30480_features.csv
18/18_CrHmtfLAZec_9_10720_11080_features.csv
18/18_PWuysv8N7D0_9_61640_62320_features.csv
18/18_h3oSdHnp__s_10_115080_115560_features.csv
18/18_4viQG8CNp4M_5_166080_166520_features.csv
18/18_Z_c9m0gG9i8_3_27360_28200_features.csv
18/18_0qeYLvPBJWs_9_52920_53200_features.csv
18/18_Z_c9m0gG9i8_3_443400_443800_features.csv
18/18_dkMY6WD6oRY_3_16200_16840_features.csv
18/18_0qeYLvPBJWs_9_46640_47080_features.csv
18/18_Z_c9m0gG9i8_3_148480_149360_features.csv
18/18_q_iwTyy6O8k_9_21680_22280_features.csv
18/18_eEnw82ssF00_7_79920_80280_features.csv
18/18_SKZIM1S4c78_5_95600_96320_features.csv
18/18_SZRI8ND3EzU_9_261200_261840_features.csv
18/18_h3oSdHnp__s_10_91480_92360_features.csv
18/18_h3oSdHnp__s_10_74920_76480_features.csv
18/18_Sy-OLfgn0NY_5_247950_248300_features.csv
18/18_pCtiQRICc-0_9_59520_59880_features.csv
18/18_6CUL9lp60rg_5_78280_78640_features.csv
18/18_0qeYLvPBJWs_9_35520_36360_features.csv
18/18_0qeYLvPBJWs_9_25120_25920_features.csv
18/18_QP6Lh2cypZU_9_67080_67680_features.csv
18/18_CrHmtfLAZec_9_24320_24840_features.csv
18/18_iYxytj9B3_I_3_115980_116220_features.csv
18/18_l611vk1622c_3_93900_94360_features.csv
18/18_r_NG6V4aYek_9_149320_149960_features.csv
18/18_IlgY_gb74zw_3_112120_112640_features.csv
18/18_G-oIy6FAUlk_10_139840_140360_features.csv
18/18_aMyljzx7qJs_8_153600_154240_features.csv
18/18_aJemwxTbM0E_9_263520_264840_features.csv
18/18_eEnw82ssF00_7_295920_296280_features.csv
18/18_0qeYLvPBJWs_9_65960_66360_features.csv
18/18_l611vk1622c_3_96340_96740_features.csv
18/18_M1xszBRw9Ro_10_384440_384880_features.csv
18/18_iYxytj9B3_I_3_120860_121260_features.csv
18/18_85mDdrBQTIY_3_168120_168680_features.csv
18/18_M1xszBRw9Ro_10_375240_376200_features.csv
18/18_PWuysv8N7D0_9_58080_58880_features.csv
18/18_4viQG8CNp4M_5_162160_162440_features.csv
18/18_UQPvjVlIdUc_9_217960_218400_features.csv
18/18_iLz0rQ5ZegY_3_29800_30200_features.csv
18/18_Zt_IRWKZeNM_3_81600_82360_features.csv
18/18_M1xszBRw9Ro_10_385920_386400_features.csv
18/18_CrHmtfLAZec_9_8200_8840_features.csv
18/18_l611vk1622c_3_19100_19600_features.csv
18/18_aMyljzx7qJs_8_68975_69675_features.csv
18/18_iLz0rQ5ZegY_3_27100_27775_features.csv
18/18_9XxebdcDyI8_3_64520_64920_features.csv
18/18_0qeYLvPBJWs_9_77960_78360_features.csv
18/18_q_iwTyy6O8k_9_30875_32100_features.csv
30/30_rbwiOnDjex4_3_148900_149425_features.csv
30/30_IlgY_gb74zw_3_10680_11080_features.csv
30/30_AWBeuvAlNic_9_10840_12040_features.csv
30/30_l611vk1622c_3_121740_122180_features.csv
30/30_wgmHta_ijns_9_28080_28760_features.csv
30/30_V3_vJEWGUlw_3_43080_43440_features.csv
30/30_Rkm_pr_RAY4_3_140000_140320_features.csv
30/30_UczPDLSQ8t0_5_50040_50480_features.csv
30/30_85mDdrBQTIY_3_247800_248560_features.csv
30/30_fAixMqtTw4M_1_54600_55160_features.csv
30/30_Sbqr-bH0-dI_3_145920_146440_features.csv
30/30_WLTE5Xg0kEU_3_229200_229520_features.csv
30/30_3UP67jkT3xc_5_188080_188600_features.csv
30/30_-f3iJKBOm-8_5_10600_11000_features.csv
30/30_OwWldpOh0yo_5_43100_43575_features.csv
30/30_spf1l3dAP68_3_86840_87200_features.csv
30/30_X-9JcsybQ9A_5_23960_24880_features.csv
30/30_70aA_f5W2eg_5_61600_62160_features.csv
30/30_WLTE5Xg0kEU_3_161080_161360_features.csv
30/30_rbwiOnDjex4_3_103675_104050_features.csv
30/30_cv_amCPZDDQ_3_124200_124560_features.csv
30/30_6CUL9lp60rg_5_103240_104040_features.csv
30/30_hIBj-HoPJhI_3_6400_6800_features.csv
30/30_nY6Ibj5Ud8w_1_43360_43960_features.csv
30/30_PMKbDvdchpA_3_339950_340450_features.csv
30/30_pZp41ZEqF-E_5_90560_91000_features.csv
30/30_CrHmtfLAZec_9_221760_222240_features.csv
30/30_8ikFug8AtA0_5_54600_55080_features.csv
30/30_V3_vJEWGUlw_3_7240_7560_features.csv
30/30_1orehjW53lo_3_63600_63960_features.csv
30/30_vyGbKTk-gzg_3_125120_125640_features.csv
30/30_85mDdrBQTIY_3_129400_129880_features.csv
30/30_cv_amCPZDDQ_3_153560_154040_features.csv
30/30_q36fZcYH3fc_3_58325_58925_features.csv
30/30_4viQG8CNp4M_5_55200_55720_features.csv
30/30_W4oR4lWGp0A_5_120825_121275_features.csv
30/30_4hnp5xIWiwQ_9_52400_53160_features.csv
30/30_hUBJgXS9Rzw_3_65320_65600_features.csv
30/30_o7_ernQvXQ4_3_15650_15950_features.csv
30/30_Sbqr-bH0-dI_3_105120_105480_features.csv
30/30_dx81Welon8k_3_27825_28325_features.csv
30/30_PMKbDvdchpA_3_168225_168625_features.csv
30/30_WLTE5Xg0kEU_3_97080_97440_features.csv
30/30_ACFoRUxG8oA_5_45000_45480_features.csv
30/30_D2g00-t6VkY_5_55360_56080_features.csv
30/30_SKZIM1S4c78_5_17480_18000_features.csv
30/30_X-9JcsybQ9A_5_36200_36800_features.csv
30/30_OwWldpOh0yo_5_85675_86275_features.csv
30/30_Rkm_pr_RAY4_3_113640_113920_features.csv
30/30_85mDdrBQTIY_3_200880_201160_features.csv
30/30_1orehjW53lo_3_11800_12160_features.csv
30/30_1orehjW53lo_3_121280_121600_features.csv
30/30_iLz0rQ5ZegY_3_57300_57825_features.csv
30/30_W4oR4lWGp0A_5_7960_8400_features.csv
30/30_cv_amCPZDDQ_3_61920_62320_features.csv
30/30_85mDdrBQTIY_3_272840_273200_features.csv
30/30_HSbkP5mw8n4_1_95360_95680_features.csv
30/30_Sy-OLfgn0NY_5_36625_37050_features.csv
30/30_QdeWaRVI0Y8_1_108640_109280_features.csv
30/30_CoaGlX3F-E4_3_45860_46440_features.csv
30/30_WLTE5Xg0kEU_3_10360_10760_features.csv
30/30_spf1l3dAP68_3_185520_186320_features.csv
30/30_XErS7f6c0AM_5_262160_262520_features.csv
30/30_LABkCjY1YMY_5_70150_70775_features.csv
30/30_W4oR4lWGp0A_5_116440_117000_features.csv
30/30_OwWldpOh0yo_5_41400_42025_features.csv
30/30_iLz0rQ5ZegY_3_116200_116550_features.csv
30/30_CoaGlX3F-E4_3_54280_54620_features.csv
30/30_Sbqr-bH0-dI_3_145080_145640_features.csv
30/30_SKZIM1S4c78_5_127480_127920_features.csv
30/30_unh-5lZtCtw_9_117880_118480_features.csv
30/30_V3_vJEWGUlw_3_107920_108360_features.csv
30/30_q36fZcYH3fc_3_96475_96825_features.csv
30/30_5PWLe5GaIEA_5_74800_75760_features.csv
30/30_q6eYkkDsMEU_5_55680_56360_features.csv
30/30_fAixMqtTw4M_1_157760_158240_features.csv
30/30_q6eYkkDsMEU_5_20520_21160_features.csv
30/30_85mDdrBQTIY_3_325720_326120_features.csv
30/30_UABroDHd4q4_3_28500_28875_features.csv
30/30_Zt_IRWKZeNM_3_26000_26400_features.csv
30/30_OU7hkPpVByc_1_6440_6960_features.csv
30/30_Zohg0xfNAv8_5_174080_174800_features.csv
30/30_nY6Ibj5Ud8w_1_82000_82400_features.csv
30/30_Sy-OLfgn0NY_5_154080_155040_features.csv
30/30_Y_vSE4qGlXg_5_95120_95440_features.csv
30/30_vyGbKTk-gzg_3_89720_90080_features.csv
30/30_PMKbDvdchpA_3_259325_259950_features.csv
30/30_MddOAfQQ6TY_1_29920_30880_features.csv
30/30_cv_amCPZDDQ_3_109640_110280_features.csv
30/30_fAixMqtTw4M_1_47320_48000_features.csv
30/30_HSbkP5mw8n4_1_16400_16800_features.csv
30/30_6CUL9lp60rg_5_179640_180240_features.csv
30/30_q36fZcYH3fc_3_93325_93675_features.csv
30/30_86F4qtacKuY_5_19920_20640_features.csv
30/30_WLTE5Xg0kEU_3_39760_40120_features.csv
30/30_ERfCn8-c06o_9_151680_152280_features.csv
30/30_70aA_f5W2eg_5_123480_124200_features.csv
30/30_85mDdrBQTIY_3_185840_186160_features.csv
30/30_CrHmtfLAZec_9_31440_32000_features.csv
30/30_rIYSOtAtv48_3_164480_164900_features.csv
30/30_4hnp5xIWiwQ_9_109440_110040_features.csv
30/30_yiuqNGOv6_o_5_19160_19520_features.csv
30/30_yiuqNGOv6_o_5_40080_40520_features.csv
30/30_pT_tU8anQgE_5_18200_19040_features.csv
30/30_vZpFowr2i8k_3_19880_20240_features.csv
30/30_yiuqNGOv6_o_5_11200_11760_features.csv
30/30_DScczXLhnM8_1_73240_73560_features.csv
30/30_unh-5lZtCtw_9_57200_57600_features.csv
30/30_iLz0rQ5ZegY_3_107175_107625_features.csv
30/30_26iZWy0bi9U_1_69120_69600_features.csv
31/31_MaZUl_KP8Ao_6_7600_8160_features.csv
31/31_9sK0M5PkKZ4_9_241720_242320_features.csv
31/31_zron8Ed237Q_1_56560_57240_features.csv
31/31_UQPvjVlIdUc_9_65240_65760_features.csv
31/31_uWQV03Uryco_7_5200_5640_features.csv
31/31_eEnw82ssF00_7_134360_134960_features.csv
31/31_-HHHkGgrNO8_7_15720_16560_features.csv
31/31_uYIHRM0YcT8_9_47750_48200_features.csv
31/31_gQyDV_g0Sv0_9_170480_171240_features.csv
31/31_fAixMqtTw4M_1_65160_65520_features.csv
31/31_yyZxrkIa1-Y_9_13320_13800_features.csv
31/31_aJemwxTbM0E_9_7200_8050_features.csv
31/31_ERfCn8-c06o_9_50360_51200_features.csv
31/31_W2RrXo-SE-I_1_9760_10280_features.csv
31/31_eEnw82ssF00_7_234480_235000_features.csv
31/31_eEnw82ssF00_7_70560_71200_features.csv
31/31_4HOJSm5XYeo_9_4080_5080_features.csv
31/31_SYlZa_rEzO0_9_10000_10720_features.csv
31/31_uYIHRM0YcT8_9_145650_146275_features.csv
31/31_eEnw82ssF00_7_155280_156720_features.csv
31/31_UQPvjVlIdUc_9_60160_60760_features.csv
31/31_4WOjGpvUXJM_1_75640_76160_features.csv
31/31_EL1G60MtjeQ_1_141240_141640_features.csv
31/31_Ss66tHhsdro_6_318080_318720_features.csv
31/31_eEnw82ssF00_7_14400_15040_features.csv
31/31_eEnw82ssF00_7_119240_119800_features.csv
31/31_Ss66tHhsdro_6_344825_345325_features.csv
31/31_W50BB1aT094_6_99200_99600_features.csv
31/31_Ss66tHhsdro_6_145100_145400_features.csv
31/31_WiQtjC50f-M_1_188320_189040_features.csv
31/31_ZVbD1_PPs9A_6_50000_50360_features.csv
31/31_4WOjGpvUXJM_1_4640_5040_features.csv
31/31_wgmHta_ijns_9_32480_33000_features.csv
31/31_MQPsAcJxYbk_1_3200_3600_features.csv
31/31_Ss66tHhsdro_6_83240_83560_features.csv
31/31_SoDMi4-bSgo_7_4100_4675_features.csv
31/31_eEnw82ssF00_7_6320_6800_features.csv
31/31_g7MYVJ9vj7g_6_6650_7125_features.csv
31/31_VMoazggJVD0_9_16760_17400_features.csv
31/31_wgmHta_ijns_9_108480_109000_features.csv
31/31_Ss66tHhsdro_6_330300_330850_features.csv
31/31_Ss66tHhsdro_6_345900_346525_features.csv
31/31_2y2MnHD4i8o_6_31880_32480_features.csv
31/31_uWQV03Uryco_7_35720_36320_features.csv
31/31_SYlZa_rEzO0_9_20400_21000_features.csv
31/31_htHy0mIx6d8_1_37120_37400_features.csv
31/31_Ss66tHhsdro_6_229025_229575_features.csv
31/31_eEnw82ssF00_7_24720_25320_features.csv
31/31__Lb4gBLfFSA_1_34840_35200_features.csv
31/31_2y2MnHD4i8o_6_52200_52640_features.csv
31/31_WiQtjC50f-M_1_143120_143680_features.csv
31/31_gQyDV_g0Sv0_9_132840_133920_features.csv
31/31_0qeYLvPBJWs_9_39200_39840_features.csv
31/31_CrHmtfLAZec_9_178160_178800_features.csv
31/31_vG2jP8oVSuE_7_39480_40200_features.csv
31/31_W50BB1aT094_6_126600_127100_features.csv
31/31_lJLgmX4mK5Q_9_2600_3720_features.csv
31/31_Ss66tHhsdro_6_61680_62320_features.csv
31/31_EL1G60MtjeQ_1_187800_188160_features.csv
31/31_9sK0M5PkKZ4_9_114160_114760_features.csv
31/31_aJemwxTbM0E_9_204800_205325_features.csv
31/31_eEnw82ssF00_7_241640_242160_features.csv
31/31_ERfCn8-c06o_9_74000_74880_features.csv
31/31_pCtiQRICc-0_9_28400_28960_features.csv
11/11_CdYhKZb2rVo_8_13320_13760_features.csv
11/11_85mDdrBQTIY_3_154600_155160_features.csv
11/11_Z_c9m0gG9i8_3_209920_210400_features.csv
11/11_PMKbDvdchpA_3_315125_315500_features.csv
11/11_uBrakY05r9M_5_156200_156600_features.csv
11/11_bUI64GMzl_Q_10_18160_18840_features.csv
11/11_Y_vSE4qGlXg_5_30025_30550_features.csv
11/11_uBrakY05r9M_5_34320_34840_features.csv
11/11_VBC2i8bbqa4_5_175800_176200_features.csv
11/11_uWQV03Uryco_7_18800_19400_features.csv
11/11_SZRI8ND3EzU_9_137240_138240_features.csv
11/11_PMKbDvdchpA_3_343240_343520_features.csv
11/11_D9fwn7c9xVQ_9_138040_138400_features.csv
11/11_IlgY_gb74zw_3_128960_129720_features.csv
11/11_PWuysv8N7D0_9_42080_42600_features.csv
11/11_ABtvOBM1KWY_10_108800_109075_features.csv
11/11_dCTAfv0_xBI_5_17200_17520_features.csv
11/11_6CUL9lp60rg_5_16120_16480_features.csv
11/11_xngvsDWg76I_9_252040_252200_features.csv
11/11_1orehjW53lo_3_59360_59600_features.csv
11/11_PWuysv8N7D0_9_89880_90680_features.csv
11/11_k36ANsahsm0_8_52000_52280_features.csv
11/11_VBC2i8bbqa4_5_76120_76360_features.csv
11/11_LABkCjY1YMY_5_11500_11725_features.csv
11/11_Ljl65NHBfsM_7_14080_14840_features.csv
11/11_lJeBuPOf7HY_9_101125_101425_features.csv
11/11_4byAyOXyn5U_6_117360_117640_features.csv
11/11_spf1l3dAP68_3_319280_319520_features.csv
11/11_k36ANsahsm0_8_50560_51040_features.csv
11/11_C7QdnEP_YGI_6_28560_29080_features.csv
11/11_Z_c9m0gG9i8_3_6760_7160_features.csv
11/11_47YmPhcPnQ0_10_31360_31960_features.csv
11/11_BIzEaMHCXiw_5_443640_444400_features.csv
11/11_2y2MnHD4i8o_6_69600_70080_features.csv
11/11_Y_vSE4qGlXg_5_81350_81900_features.csv
11/11_54hyTaGhPFs_5_142200_142720_features.csv
11/11_Y_vSE4qGlXg_5_14025_14325_features.csv
11/11_6CUL9lp60rg_5_767240_767960_features.csv
11/11_M1xszBRw9Ro_10_376360_376760_features.csv
11/11_k36ANsahsm0_8_131280_132240_features.csv
11/11_PWuysv8N7D0_9_5160_6160_features.csv
11/11_bUI64GMzl_Q_10_32120_32480_features.csv
11/11_Sy-OLfgn0NY_5_336600_337040_features.csv
11/11_j5_zf5uQSRk_5_29520_30040_features.csv
11/11_ElQUTcP9CXI_5_9320_10040_features.csv
11/11_Ss66tHhsdro_6_27825_28700_features.csv
11/11_spf1l3dAP68_3_24080_24400_features.csv
11/11_wgmHta_ijns_9_78960_79520_features.csv
11/11_QP6Lh2cypZU_9_121720_122200_features.csv
11/11_Z_c9m0gG9i8_3_429560_429880_features.csv
11/11_70aA_f5W2eg_5_153680_153960_features.csv
11/11_iLz0rQ5ZegY_3_157225_157475_features.csv
11/11_dKNNEbICWSY_5_26720_27640_features.csv
11/11_IBBhBH6h1hg_6_64000_64240_features.csv
11/11_aJemwxTbM0E_9_194925_195350_features.csv
11/11_uYIHRM0YcT8_9_102325_102575_features.csv
11/11_OOWZ3yh9-Qc_6_12525_12875_features.csv
11/11_9XxebdcDyI8_3_39840_40080_features.csv
11/11_V3_vJEWGUlw_3_66880_67200_features.csv
11/11_eEnw82ssF00_7_199360_199800_features.csv
11/11_J0MPbJzW4bs_10_60040_60480_features.csv
11/11_2y2MnHD4i8o_6_40000_40560_features.csv
11/11_BIzEaMHCXiw_5_403800_404280_features.csv
11/11_uBrakY05r9M_5_62960_63360_features.csv
11/11_-HHHkGgrNO8_7_322080_322440_features.csv
11/11_LABkCjY1YMY_5_36440_37520_features.csv
11/11_SZRI8ND3EzU_9_24360_24760_features.csv
11/11_G-oIy6FAUlk_10_86440_86960_features.csv
11/11_spf1l3dAP68_3_42760_43040_features.csv
11/11_bLvyP8PvPS8_5_20320_20720_features.csv
11/11_PteWobzf9ag_10_69880_70320_features.csv
11/11_HCf93Ng8W_M_6_45080_45960_features.csv
11/11_QP6Lh2cypZU_9_157560_158520_features.csv
11/11_uWQV03Uryco_7_182240_182560_features.csv
11/11_Ss66tHhsdro_6_155250_155700_features.csv
11/11_Y_vSE4qGlXg_5_27875_28225_features.csv
11/11_4byAyOXyn5U_6_110880_111320_features.csv
11/11_k36ANsahsm0_8_40720_41200_features.csv
11/11_iewVxXrMVj0_5_101360_101920_features.csv
11/11_OOWZ3yh9-Qc_6_23450_23850_features.csv
11/11_Ss66tHhsdro_6_19960_20840_features.csv
11/11_eEnw82ssF00_7_246760_247120_features.csv
11/11_85mDdrBQTIY_3_191760_191920_features.csv
11/11_amCdj5zSnE4_3_41040_41260_features.csv
11/11_8j29V2Gcy1M_9_82240_83880_features.csv
11/11_PWuysv8N7D0_9_49200_49520_features.csv
11/11_Z_c9m0gG9i8_3_165760_166080_features.csv
11/11_2y2MnHD4i8o_6_23800_24200_features.csv
11/11_QP6Lh2cypZU_9_150000_150320_features.csv
11/11_G-oIy6FAUlk_10_20960_21560_features.csv
11/11_wgmHta_ijns_9_29720_30360_features.csv
11/11_k36ANsahsm0_8_59520_59880_features.csv
11/11_spf1l3dAP68_3_284800_285000_features.csv
11/11_w2W4r3usjZE_9_28080_28480_features.csv
11/11_G-oIy6FAUlk_10_167920_168240_features.csv
11/11_0qeYLvPBJWs_9_82840_83080_features.csv
11/11_bLvyP8PvPS8_5_93120_93480_features.csv
11/11_WLTE5Xg0kEU_3_277800_278120_features.csv
11/11_6gwIyDawfiQ_5_58320_58640_features.csv
11/11_spf1l3dAP68_3_37520_37800_features.csv
11/11_xngvsDWg76I_9_204880_205160_features.csv
11/11_ElQUTcP9CXI_5_18960_19480_features.csv
11/11_6CUL9lp60rg_5_681880_682200_features.csv
11/11_6roQB5uogfk_7_17080_17720_features.csv
11/11_Z_c9m0gG9i8_3_469360_469880_features.csv
11/11_47YmPhcPnQ0_10_29760_30200_features.csv
11/11_85mDdrBQTIY_3_397920_398320_features.csv
11/11_Z_c9m0gG9i8_3_179680_179960_features.csv
11/11_6CUL9lp60rg_5_69880_70360_features.csv
11/11_70aA_f5W2eg_5_154560_154760_features.csv
11/11_aJemwxTbM0E_9_108800_109225_features.csv
11/11_eEnw82ssF00_7_43360_44120_features.csv
11/11_ZVbD1_PPs9A_6_40120_40760_features.csv
11/11_ysz0CjirP84_9_140760_141520_features.csv
11/11_k36ANsahsm0_8_122240_122480_features.csv
11/11_4byAyOXyn5U_6_20600_20960_features.csv
11/11_xngvsDWg76I_9_189760_190640_features.csv
11/11_znyGvu-Bp28_5_82440_83000_features.csv
11/11_WLTE5Xg0kEU_3_128920_129280_features.csv
11/11_w2W4r3usjZE_9_17360_17880_features.csv
11/11_L6NCVoh6YiE_5_223760_223960_features.csv
11/11_85mDdrBQTIY_3_9000_9400_features.csv
11/11_cv_amCPZDDQ_3_19000_19320_features.csv
11/11_v9sYsMMCacc_10_32400_33000_features.csv
11/11_spf1l3dAP68_3_8040_8280_features.csv
11/11_ElQUTcP9CXI_5_63280_63600_features.csv
11/11_vyGbKTk-gzg_3_5520_6040_features.csv
11/11_WLTE5Xg0kEU_3_140960_141160_features.csv
11/11_2y2MnHD4i8o_6_19360_20240_features.csv
11/11_spf1l3dAP68_3_208560_208840_features.csv
11/11_Ss66tHhsdro_6_4600_5040_features.csv
11/11_SZRI8ND3EzU_9_21360_21920_features.csv
11/11_spf1l3dAP68_3_222680_222960_features.csv
11/11_aJemwxTbM0E_9_199300_199700_features.csv
11/11_BrT-NiLf2v0_6_33360_33880_features.csv
11/11_PteWobzf9ag_10_30200_30520_features.csv
11/11_k36ANsahsm0_8_24880_25400_features.csv
11/11_iewVxXrMVj0_5_12600_13080_features.csv
11/11_0qeYLvPBJWs_9_114440_114840_features.csv
11/11_47YmPhcPnQ0_10_7440_7840_features.csv
11/11_G-oIy6FAUlk_10_41680_42440_features.csv
11/11_znyGvu-Bp28_5_16360_16760_features.csv
11/11_WLTE5Xg0kEU_3_248040_248360_features.csv
11/11_k36ANsahsm0_8_23720_24000_features.csv
11/11_spf1l3dAP68_3_59240_59480_features.csv
11/11_ysz0CjirP84_9_18680_19440_features.csv
11/11_PMKbDvdchpA_3_344850_345350_features.csv
11/11_6gwIyDawfiQ_5_41960_42480_features.csv
11/11_SKZIM1S4c78_5_34920_35120_features.csv
11/11_dKNNEbICWSY_5_25440_26160_features.csv
11/11_h3oSdHnp__s_10_72320_73000_features.csv
11/11_rbwiOnDjex4_3_135575_136100_features.csv
11/11_SKZIM1S4c78_5_31040_31240_features.csv
11/11_-f3iJKBOm-8_5_29720_30000_features.csv
11/11_SZRI8ND3EzU_9_157760_158960_features.csv
11/11_LABkCjY1YMY_5_29675_30100_features.csv
11/11_54hyTaGhPFs_5_197280_197880_features.csv
11/11_spf1l3dAP68_3_218600_219160_features.csv
11/11_spf1l3dAP68_3_95560_95800_features.csv
11/11_4byAyOXyn5U_6_31160_31600_features.csv
11/11_M1xszBRw9Ro_10_386480_387000_features.csv
11/11_MQ3EyC0S7Ik_9_119040_119600_features.csv
11/11_PMKbDvdchpA_3_327100_327375_features.csv
11/11_8ikFug8AtA0_5_10200_10440_features.csv
11/11_fIHQbCOce5E_9_59120_59560_features.csv
11/11_LABkCjY1YMY_5_110425_110950_features.csv
11/11_G-oIy6FAUlk_10_185760_186520_features.csv
11/11_Z_c9m0gG9i8_3_347200_347600_features.csv
11/11_I1W0BLPETf8_10_39840_40360_features.csv
11/11_Z_c9m0gG9i8_3_141200_141600_features.csv
11/11_dKNNEbICWSY_5_5360_6080_features.csv
11/11_47YmPhcPnQ0_10_10800_11160_features.csv
11/11_PMKbDvdchpA_3_192360_192880_features.csv
11/11_NE07pkgSCQQ_3_168050_168475_features.csv
11/11_UABroDHd4q4_3_128700_128950_features.csv
11/11_znyGvu-Bp28_5_12800_13280_features.csv
11/11_IBBhBH6h1hg_6_57040_57280_features.csv
11/11_UABroDHd4q4_3_24875_25200_features.csv
11/11_4byAyOXyn5U_6_12480_12840_features.csv
11/11_9XxebdcDyI8_3_86400_86760_features.csv
11/11_bUI64GMzl_Q_10_44880_45240_features.csv
11/11_rYcKFzJ07QI_7_13680_13960_features.csv
11/11_LABkCjY1YMY_5_63200_63475_features.csv
11/11_M1xszBRw9Ro_10_371840_372280_features.csv
11/11_spf1l3dAP68_3_84120_84440_features.csv
29/29_9XxebdcDyI8_3_201640_202000_features.csv
29/29_JV100VFWuzU_2_81150_81525_features.csv
29/29_9XxebdcDyI8_3_197120_197760_features.csv
29/29_gR2aGrjNE84_2_100750_101025_features.csv
29/29_odXbItlRjNg_5_43440_44000_features.csv
29/29_4WOjGpvUXJM_1_59480_59800_features.csv
29/29__LcXSjZwm_Q_5_122800_122960_features.csv
29/29_9XxebdcDyI8_3_46400_46800_features.csv
29/29_M1xszBRw9Ro_10_106840_107240_features.csv
29/29_WiQtjC50f-M_1_5075_5300_features.csv
29/29_WiQtjC50f-M_1_23700_23950_features.csv
29/29_DCEb-mtfXV4_10_48640_49360_features.csv
29/29_M1xszBRw9Ro_10_7400_7680_features.csv
29/29_fAixMqtTw4M_1_76560_76920_features.csv
29/29_o6Kca8E43eg_10_19880_20240_features.csv
29/29_XErS7f6c0AM_5_67000_67440_features.csv
29/29_LZa-kCvTstE_5_24825_25100_features.csv
29/29_85mDdrBQTIY_3_36760_37120_features.csv
29/29_ACFoRUxG8oA_5_28560_29160_features.csv
29/29_wRRNHQc32uU_9_33280_33640_features.csv
29/29_Sy-OLfgn0NY_5_92600_92900_features.csv
29/29_ABtvOBM1KWY_10_98325_98750_features.csv
29/29_yiuqNGOv6_o_5_72560_72920_features.csv
29/29_JV100VFWuzU_2_11240_11560_features.csv
29/29_8j29V2Gcy1M_9_51920_52240_features.csv
29/29_EFSuOojeLjE_10_11840_12600_features.csv
29/29_Z_c9m0gG9i8_3_106200_106600_features.csv
29/29_PteWobzf9ag_10_166120_166840_features.csv
29/29_spf1l3dAP68_3_199400_199680_features.csv
29/29_BIzEaMHCXiw_5_172880_173240_features.csv
29/29_o6Kca8E43eg_10_55640_55920_features.csv
29/29_BXAiYnEyX-4_1_17840_18120_features.csv
29/29_86F4qtacKuY_5_153720_154200_features.csv
29/29_LZa-kCvTstE_5_21425_21775_features.csv
29/29_ACFoRUxG8oA_5_34360_34720_features.csv
29/29_LZa-kCvTstE_5_45275_45775_features.csv
29/29_4viQG8CNp4M_5_197200_197480_features.csv
29/29_o6Kca8E43eg_10_123840_124280_features.csv
29/29_xLsHnvl2Jyw_9_7840_8280_features.csv
29/29_M1xszBRw9Ro_10_355640_355880_features.csv
29/29_EFSuOojeLjE_10_67760_68160_features.csv
29/29_XErS7f6c0AM_5_97720_98120_features.csv
29/29_XErS7f6c0AM_5_128920_129360_features.csv
29/29_LZa-kCvTstE_5_82000_82680_features.csv
29/29_8j29V2Gcy1M_9_112000_112320_features.csv
29/29_jKmXwAO4kwA_1_56400_56760_features.csv
29/29_WiQtjC50f-M_1_182575_182750_features.csv
29/29_DCEb-mtfXV4_10_3600_4320_features.csv
29/29_I1W0BLPETf8_10_2960_3320_features.csv
29/29_o6Kca8E43eg_10_225040_225440_features.csv
29/29_M1xszBRw9Ro_10_207880_208520_features.csv
29/29_WLTE5Xg0kEU_3_41880_42400_features.csv
29/29_M1xszBRw9Ro_10_32160_32440_features.csv
29/29_XErS7f6c0AM_5_37120_37600_features.csv
29/29_70aA_f5W2eg_5_99880_100400_features.csv
29/29_8j29V2Gcy1M_9_137840_138160_features.csv
29/29_LZa-kCvTstE_5_46700_47125_features.csv
29/29_cv_amCPZDDQ_3_161760_162520_features.csv
29/29_XErS7f6c0AM_5_183040_183240_features.csv
29/29_DCEb-mtfXV4_10_13720_14160_features.csv
29/29_odXbItlRjNg_5_141400_141725_features.csv
29/29_J0MPbJzW4bs_10_19280_19560_features.csv
29/29_U5LEX0riqiU_2_40300_40650_features.csv
29/29_wKW6he7wPpg_10_14840_15400_features.csv
29/29_DCEb-mtfXV4_10_49560_50200_features.csv
29/29_86F4qtacKuY_5_88480_88880_features.csv
29/29_WLTE5Xg0kEU_3_47280_47600_features.csv
29/29_BIzEaMHCXiw_5_373840_374360_features.csv
29/29_UczPDLSQ8t0_5_60480_60800_features.csv
29/29_U5LEX0riqiU_2_58225_58675_features.csv
29/29_I1W0BLPETf8_10_12480_12960_features.csv
29/29_6CUL9lp60rg_5_652360_652880_features.csv
29/29_EFSuOojeLjE_10_48280_48760_features.csv
29/29_Sy-OLfgn0NY_5_44400_44700_features.csv
29/29_6CUL9lp60rg_5_377440_377880_features.csv
29/29_2Jl03q6tsRw_9_18840_19440_features.csv
29/29_l611vk1622c_3_106640_107020_features.csv
29/29_bLvyP8PvPS8_5_189360_190000_features.csv
29/29_1orehjW53lo_3_168720_169040_features.csv
29/29_LZa-kCvTstE_5_35325_35750_features.csv
29/29_wRRNHQc32uU_9_50040_50560_features.csv
29/29_odXbItlRjNg_5_204360_204760_features.csv
29/29_6CUL9lp60rg_5_550160_551000_features.csv
29/29_54hyTaGhPFs_5_82320_82520_features.csv
29/29_ERfCn8-c06o_9_77840_78120_features.csv
29/29_rGW_mxBM2Fg_5_46400_46675_features.csv
29/29_l88gZYCbR5g_5_41840_42520_features.csv
29/29_wKW6he7wPpg_10_16600_17320_features.csv
29/29_o6Kca8E43eg_10_141080_141360_features.csv
29/29_8j29V2Gcy1M_9_153920_154240_features.csv
29/29_odXbItlRjNg_5_261475_261850_features.csv
29/29_9XxebdcDyI8_3_50440_50880_features.csv
29/29_1Huba-w4Mog_9_150720_151040_features.csv
29/29_o6Kca8E43eg_10_184760_185320_features.csv
29/29_XErS7f6c0AM_5_167760_168040_features.csv
29/29_spf1l3dAP68_3_102960_103720_features.csv
29/29_BIzEaMHCXiw_5_349480_350000_features.csv
29/29_WKeVl2Nt3iA_10_62240_62880_features.csv
29/29_LZa-kCvTstE_5_18475_18800_features.csv
29/29_b6aA0SmeUUI_1_72440_72760_features.csv
29/29_VBC2i8bbqa4_5_147200_148040_features.csv
29/29_fAixMqtTw4M_1_71680_72160_features.csv
29/29_nY6Ibj5Ud8w_1_171400_171725_features.csv
29/29_J0MPbJzW4bs_10_10360_10960_features.csv
29/29_QdeWaRVI0Y8_1_74600_75400_features.csv
29/29_WLTE5Xg0kEU_3_18640_19000_features.csv
29/29_odXbItlRjNg_5_63760_64280_features.csv
29/29_spf1l3dAP68_3_201720_202040_features.csv
29/29_Y_vSE4qGlXg_5_64100_64425_features.csv
29/29_9sK0M5PkKZ4_9_79600_79960_features.csv
29/29_BIzEaMHCXiw_5_2680_3040_features.csv
29/29_F8ZtKUlxNco_5_45240_45480_features.csv
29/29_bUI64GMzl_Q_10_116120_116760_features.csv
29/29_70aA_f5W2eg_5_5920_6280_features.csv
29/29_odXbItlRjNg_5_150360_150800_features.csv
29/29_PteWobzf9ag_10_157520_158160_features.csv
29/29_BIzEaMHCXiw_5_63640_64000_features.csv
29/29_odXbItlRjNg_5_117360_117920_features.csv
29/29_j5_zf5uQSRk_5_42520_43000_features.csv
29/29_UABroDHd4q4_3_15675_16050_features.csv
29/29_jKmXwAO4kwA_1_59280_59640_features.csv
29/29_9XxebdcDyI8_3_191800_192200_features.csv
29/29_qM1ejOeP6EI_5_14680_14960_features.csv
29/29_M1xszBRw9Ro_10_164280_164720_features.csv
29/29_M1xszBRw9Ro_10_322760_323080_features.csv
29/29_unh-5lZtCtw_9_38800_39040_features.csv
29/29_M1xszBRw9Ro_10_299800_300200_features.csv
29/29_47YmPhcPnQ0_10_3160_3520_features.csv
29/29_Z_c9m0gG9i8_3_172120_172600_features.csv
29/29_WKeVl2Nt3iA_10_70520_70960_features.csv
29/29_3UP67jkT3xc_5_61320_61880_features.csv
29/29_WKeVl2Nt3iA_10_53520_54160_features.csv
29/29_unh-5lZtCtw_9_109200_109600_features.csv
29/29_9XxebdcDyI8_3_210600_210880_features.csv
29/29_JVYvMF536U8_5_7240_7600_features.csv
29/29_EFSuOojeLjE_10_153720_154040_features.csv
29/29_M1xszBRw9Ro_10_262280_262600_features.csv
29/29_iLz0rQ5ZegY_3_81650_82075_features.csv
29/29_dKNNEbICWSY_5_67240_67680_features.csv
29/29_odXbItlRjNg_5_208560_208880_features.csv
29/29_XErS7f6c0AM_5_17200_17440_features.csv
29/29_BXAiYnEyX-4_1_34840_35160_features.csv
29/29_26iZWy0bi9U_1_31240_31560_features.csv
29/29_Sy-OLfgn0NY_5_49425_49675_features.csv
29/29_odXbItlRjNg_5_54240_54760_features.csv
29/29_znyGvu-Bp28_5_85640_86000_features.csv
29/29_WKeVl2Nt3iA_10_77520_78040_features.csv
29/29_J0MPbJzW4bs_10_8000_8520_features.csv
29/29_b6aA0SmeUUI_1_61200_61475_features.csv
29/29_4WOjGpvUXJM_1_29720_29960_features.csv
29/29_QfV-GOnjBcE_1_16400_16800_features.csv
29/29_cPXM_L2UaMQ_10_100600_101240_features.csv
29/29_Z_c9m0gG9i8_3_312080_312520_features.csv
29/29_M1xszBRw9Ro_10_41840_42720_features.csv
29/29_voTUfaa8UzI_10_9120_9520_features.csv
29/29_9XxebdcDyI8_3_173560_174000_features.csv
29/29_o6Kca8E43eg_10_71400_71800_features.csv
29/29_BXAiYnEyX-4_1_31640_32000_features.csv
29/29_ABtvOBM1KWY_10_3640_4080_features.csv
29/29_M1xszBRw9Ro_10_406520_406880_features.csv
29/29_L6NCVoh6YiE_5_118680_118920_features.csv
29/29_o6Kca8E43eg_10_163160_163480_features.csv
29/29_54hyTaGhPFs_5_5760_6000_features.csv
29/29_yiuqNGOv6_o_5_56480_56720_features.csv
29/29_cPXM_L2UaMQ_10_31840_32080_features.csv
29/29_bLvyP8PvPS8_5_200920_201320_features.csv
29/29_XErS7f6c0AM_5_204000_204320_features.csv
29/29_o7_ernQvXQ4_3_27800_28120_features.csv
3/3_iewVxXrMVj0_5_129360_129680_features.csv
3/3_VBC2i8bbqa4_5_163440_163920_features.csv
3/3_6CUL9lp60rg_5_163200_163640_features.csv
3/3_BIzEaMHCXiw_5_302640_302960_features.csv
3/3_l88gZYCbR5g_5_67920_68360_features.csv
3/3_W4oR4lWGp0A_5_141700_142125_features.csv
3/3_D9fwn7c9xVQ_9_135520_136120_features.csv
3/3_cv_amCPZDDQ_3_56280_56800_features.csv
3/3_Y_vSE4qGlXg_5_14425_15150_features.csv
3/3_Z_c9m0gG9i8_3_337760_338200_features.csv
3/3_7v_RZlWxs7I_6_26400_26760_features.csv
3/3_W4oR4lWGp0A_5_29560_30080_features.csv
3/3_WLTE5Xg0kEU_3_272560_272880_features.csv
3/3_F8ZtKUlxNco_5_169360_169720_features.csv
3/3_6CUL9lp60rg_5_76440_76680_features.csv
3/3_WLTE5Xg0kEU_3_247800_248000_features.csv
3/3_Sy-OLfgn0NY_5_84950_85675_features.csv
3/3_xngvsDWg76I_9_190760_191800_features.csv
3/3_85mDdrBQTIY_3_364920_365160_features.csv
3/3_QP6Lh2cypZU_9_54480_55000_features.csv
3/3_7v_RZlWxs7I_6_8320_8920_features.csv
3/3_4byAyOXyn5U_6_53320_53640_features.csv
3/3_Y_vSE4qGlXg_5_78025_78500_features.csv
3/3_6CUL9lp60rg_5_811200_811560_features.csv
3/3_Y_vSE4qGlXg_5_69950_70250_features.csv
3/3_l88gZYCbR5g_5_25800_26080_features.csv
3/3_BIzEaMHCXiw_5_310440_310840_features.csv
3/3_D9fwn7c9xVQ_9_125680_126000_features.csv
3/3_6CUL9lp60rg_5_634960_635200_features.csv
3/3_W4oR4lWGp0A_5_107440_107880_features.csv
3/3_spf1l3dAP68_3_236120_236440_features.csv
3/3_Zt_IRWKZeNM_3_96480_96920_features.csv
3/3_QP6Lh2cypZU_9_123040_123760_features.csv
3/3_spf1l3dAP68_3_83880_84080_features.csv
3/3_Y_vSE4qGlXg_5_112625_113025_features.csv
3/3_cv_amCPZDDQ_3_15640_15840_features.csv
3/3_Zt_IRWKZeNM_3_95040_95760_features.csv
3/3_70aA_f5W2eg_5_14240_14560_features.csv
3/3_yyZxrkIa1-Y_9_19360_20040_features.csv
3/3_-f3iJKBOm-8_5_156440_156920_features.csv
3/3_l88gZYCbR5g_5_19040_19480_features.csv
3/3_4byAyOXyn5U_6_47360_47800_features.csv
3/3_-f3iJKBOm-8_5_141240_141600_features.csv
3/3_r_NG6V4aYek_9_122880_123400_features.csv
3/3_Y_vSE4qGlXg_5_42150_42625_features.csv
3/3_F8ZtKUlxNco_5_44160_44440_features.csv
3/3_85mDdrBQTIY_3_192000_192240_features.csv
3/3__sOvXjWzjhg_6_100160_100600_features.csv
3/3_3UP67jkT3xc_5_104440_104800_features.csv
3/3_Y_vSE4qGlXg_5_97720_98040_features.csv
3/3_8ikFug8AtA0_5_11320_11720_features.csv
3/3_QP6Lh2cypZU_9_83360_84160_features.csv
3/3_D9fwn7c9xVQ_9_142240_142600_features.csv
3/3_D9fwn7c9xVQ_9_123800_124360_features.csv
3/3_l88gZYCbR5g_5_35160_35600_features.csv
3/3_BIzEaMHCXiw_5_108720_109040_features.csv
3/3_WLTE5Xg0kEU_3_275080_275480_features.csv
34/34_q6eYkkDsMEU_5_107840_108240_features.csv
34/34_JVYvMF536U8_5_86960_87240_features.csv
34/34_rIYSOtAtv48_3_156060_156260_features.csv
34/34_q6eYkkDsMEU_5_67280_68040_features.csv
34/34_JVYvMF536U8_5_78720_79200_features.csv
34/34_kQ6tVot9iHg_9_102520_103120_features.csv
34/34_85mDdrBQTIY_3_404320_404800_features.csv
34/34_xLsHnvl2Jyw_9_123200_123680_features.csv
34/34_1Huba-w4Mog_9_121520_121880_features.csv
34/34_hUBJgXS9Rzw_3_104160_104520_features.csv
34/34_sJcrfC-jm-M_5_90600_91120_features.csv
34/34_pZp41ZEqF-E_5_85160_85800_features.csv
34/34_pT_tU8anQgE_5_33960_34360_features.csv
34/34_pZp41ZEqF-E_5_32880_33280_features.csv
34/34_1Huba-w4Mog_9_15800_16040_features.csv
34/34_xLsHnvl2Jyw_9_107520_107760_features.csv
34/34_hUBJgXS9Rzw_3_236920_238160_features.csv
34/34_5-j_CKBiRQs_5_53520_54840_features.csv
34/34_SZRI8ND3EzU_9_317880_319240_features.csv
34/34_kQ6tVot9iHg_9_129280_129640_features.csv
34/34_SKZIM1S4c78_5_62840_63160_features.csv
34/34_kQ6tVot9iHg_9_97800_98160_features.csv
34/34_D9fwn7c9xVQ_9_78200_78560_features.csv
34/34_D9fwn7c9xVQ_9_31880_32760_features.csv
34/34_1Huba-w4Mog_9_87560_88400_features.csv
34/34_pZp41ZEqF-E_5_3120_3800_features.csv
34/34_D9fwn7c9xVQ_9_87800_88280_features.csv
34/34_1Huba-w4Mog_9_140600_140880_features.csv
34/34_xLsHnvl2Jyw_9_95560_95840_features.csv
34/34_pZp41ZEqF-E_5_26840_27480_features.csv
34/34_kEz3DVWNF8w_5_44725_45250_features.csv
34/34_q6eYkkDsMEU_5_11840_12600_features.csv
34/34_JghTBiAEwNc_5_3480_4360_features.csv
34/34_85mDdrBQTIY_3_30240_30560_features.csv
34/34_rIYSOtAtv48_3_154180_154420_features.csv
34/34_xLsHnvl2Jyw_9_139760_140280_features.csv
34/34_1Huba-w4Mog_9_10440_11080_features.csv
34/34_q6eYkkDsMEU_5_93040_94080_features.csv
34/34_JghTBiAEwNc_5_50880_51560_features.csv
34/34_JVYvMF536U8_5_121800_122360_features.csv
34/34_8j29V2Gcy1M_9_95520_96040_features.csv
34/34_sJcrfC-jm-M_5_96240_96680_features.csv
34/34_pT_tU8anQgE_5_31480_31920_features.csv
34/34_D9fwn7c9xVQ_9_65320_65800_features.csv
34/34_qM1ejOeP6EI_5_29360_29800_features.csv
34/34_D9fwn7c9xVQ_9_25880_26480_features.csv
34/34_qM1ejOeP6EI_5_9960_10320_features.csv
34/34_85mDdrBQTIY_3_214320_214640_features.csv
34/34_1Huba-w4Mog_9_168160_168640_features.csv
34/34_1Huba-w4Mog_9_137880_138440_features.csv
34/34_JghTBiAEwNc_5_25480_26360_features.csv
34/34_kQ6tVot9iHg_9_114120_114440_features.csv
34/34_kQ6tVot9iHg_9_103680_104280_features.csv
34/34_Zohg0xfNAv8_5_186960_187360_features.csv
34/34_D9fwn7c9xVQ_9_18760_19280_features.csv
34/34_IlgY_gb74zw_3_111640_112000_features.csv
34/34_xLsHnvl2Jyw_9_118960_119400_features.csv
34/34_1Huba-w4Mog_9_15120_15440_features.csv
12/12_xngvsDWg76I_9_225080_225800_features.csv
12/12_85mDdrBQTIY_3_224840_225240_features.csv
12/12_UABroDHd4q4_3_188675_189300_features.csv
12/12_3UP67jkT3xc_5_96400_97040_features.csv
12/12_-f3iJKBOm-8_5_11080_11720_features.csv
12/12_Y_vSE4qGlXg_5_95575_96025_features.csv
12/12_3UP67jkT3xc_5_62040_62320_features.csv
12/12_cv_amCPZDDQ_3_96160_96600_features.csv
12/12_6CUL9lp60rg_5_2500_3000_features.csv
12/12_WLTE5Xg0kEU_3_97760_98160_features.csv
12/12_Z_c9m0gG9i8_3_41880_42280_features.csv
12/12_BIzEaMHCXiw_5_422360_422640_features.csv
12/12_V3_vJEWGUlw_3_8000_8600_features.csv
12/12_4byAyOXyn5U_6_78040_78480_features.csv
12/12_BIzEaMHCXiw_5_241080_241520_features.csv
12/12_cv_amCPZDDQ_3_63080_63520_features.csv
12/12_BIzEaMHCXiw_5_210000_210920_features.csv
12/12_VBC2i8bbqa4_5_3525_4025_features.csv
12/12_rbwiOnDjex4_3_149575_150225_features.csv
12/12_cv_amCPZDDQ_3_67040_67640_features.csv
12/12_Z_c9m0gG9i8_3_312880_313200_features.csv
12/12_85mDdrBQTIY_3_19920_20320_features.csv
12/12_W4oR4lWGp0A_5_104675_105175_features.csv
12/12_BIzEaMHCXiw_5_220080_220720_features.csv
12/12_WLTE5Xg0kEU_3_191760_192200_features.csv
12/12_4byAyOXyn5U_6_105520_106120_features.csv
12/12_spf1l3dAP68_3_167160_167640_features.csv
12/12_4HOJSm5XYeo_9_24600_25240_features.csv
12/12_F8ZtKUlxNco_5_3600_4080_features.csv
12/12_xngvsDWg76I_9_186760_187000_features.csv
12/12_WLTE5Xg0kEU_3_11080_11440_features.csv
12/12_cv_amCPZDDQ_3_9040_9480_features.csv
12/12_7v_RZlWxs7I_6_20240_20960_features.csv
12/12_-f3iJKBOm-8_5_91725_92925_features.csv
12/12_BIzEaMHCXiw_5_263040_263640_features.csv
12/12_0E0-Ql8bgl0_6_6840_7400_features.csv
12/12_spf1l3dAP68_3_15080_15680_features.csv
12/12_cv_amCPZDDQ_3_154760_155120_features.csv
12/12_2nd-XLJzOsE_5_133800_134200_features.csv
12/12_Y_vSE4qGlXg_5_110350_111350_features.csv
12/12_r_NG6V4aYek_9_283480_284160_features.csv
12/12_3UP67jkT3xc_5_12080_12320_features.csv
12/12_85mDdrBQTIY_3_13160_13600_features.csv
12/12_spf1l3dAP68_3_203000_203280_features.csv
12/12_spf1l3dAP68_3_183240_183840_features.csv
12/12_W4oR4lWGp0A_5_68925_69625_features.csv
12/12_WLTE5Xg0kEU_3_161680_162080_features.csv
12/12_PfhJdrof8v8_5_4920_5320_features.csv
12/12__sOvXjWzjhg_6_5320_5800_features.csv
12/12_xngvsDWg76I_9_210000_210240_features.csv
12/12_UABroDHd4q4_3_197175_197500_features.csv
12/12_Z_c9m0gG9i8_3_106960_107440_features.csv
12/12_6CUL9lp60rg_5_8025_8425_features.csv
12/12_8ikFug8AtA0_5_8640_9120_features.csv
12/12_V3_vJEWGUlw_3_95800_96160_features.csv
12/12_V3_vJEWGUlw_3_43960_44640_features.csv
12/12_7v_RZlWxs7I_6_33120_33880_features.csv
12/12_aJemwxTbM0E_9_309300_310150_features.csv
12/12_70aA_f5W2eg_5_66960_67880_features.csv
12/12_spf1l3dAP68_3_118440_118800_features.csv
12/12_85mDdrBQTIY_3_278600_279360_features.csv
12/12_8ikFug8AtA0_5_3120_3680_features.csv
12/12_xngvsDWg76I_9_219560_220360_features.csv
12/12_spf1l3dAP68_3_104480_105080_features.csv
12/12_W4oR4lWGp0A_5_117050_118225_features.csv
12/12_BIzEaMHCXiw_5_3680_4160_features.csv
12/12_F8ZtKUlxNco_5_180760_181120_features.csv
12/12_4byAyOXyn5U_6_26600_27640_features.csv
12/12_-f3iJKBOm-8_5_70600_70960_features.csv
12/12_BIzEaMHCXiw_5_31760_32320_features.csv
12/12_UABroDHd4q4_3_225750_226425_features.csv
12/12_Z_c9m0gG9i8_3_457960_458360_features.csv
12/12_85mDdrBQTIY_3_54960_55600_features.csv
12/12_WLTE5Xg0kEU_3_40160_40440_features.csv
12/12_cv_amCPZDDQ_3_152440_152720_features.csv
12/12_6CUL9lp60rg_5_5120_5400_features.csv
12/12_6CUL9lp60rg_5_98720_99120_features.csv
12/12_4byAyOXyn5U_6_73640_74040_features.csv
12/12_cv_amCPZDDQ_3_32960_33280_features.csv
12/12_F8ZtKUlxNco_5_26080_26640_features.csv
12/12_l88gZYCbR5g_5_31520_32280_features.csv
12/12_j5_zf5uQSRk_5_21880_22320_features.csv
12/12_7v_RZlWxs7I_6_4360_4760_features.csv
12/12_PfhJdrof8v8_5_151320_151720_features.csv
12/12_6CUL9lp60rg_5_86840_87360_features.csv
12/12_xngvsDWg76I_9_202560_202960_features.csv
12/12_spf1l3dAP68_3_194680_195160_features.csv
12/12_85mDdrBQTIY_3_326360_327160_features.csv
12/12_WLTE5Xg0kEU_3_202720_203400_features.csv
12/12_cv_amCPZDDQ_3_3160_3840_features.csv
12/12_7v_RZlWxs7I_6_29400_30040_features.csv
12/12_70aA_f5W2eg_5_6360_6960_features.csv
12/12_V3_vJEWGUlw_3_103360_104240_features.csv
12/12_8ikFug8AtA0_5_54000_54480_features.csv
12/12_6CUL9lp60rg_5_405320_405960_features.csv
12/12_cv_amCPZDDQ_3_81000_81640_features.csv
12/12_L6NCVoh6YiE_5_123250_123625_features.csv
12/12_BIzEaMHCXiw_5_8440_8680_features.csv
12/12_W4oR4lWGp0A_5_59750_60175_features.csv
12/12_3UP67jkT3xc_5_188800_189520_features.csv
12/12_BIzEaMHCXiw_5_402680_403280_features.csv
12/12_VBC2i8bbqa4_5_150040_150560_features.csv
12/12_W4oR4lWGp0A_5_8525_9075_features.csv
12/12_4hnp5xIWiwQ_9_89840_90320_features.csv
12/12_85mDdrBQTIY_3_127360_127800_features.csv
12/12_V3_vJEWGUlw_3_116200_116600_features.csv
12/12_F8ZtKUlxNco_5_182040_182680_features.csv
12/12_cv_amCPZDDQ_3_102040_102400_features.csv
12/12_4hnp5xIWiwQ_9_42160_42640_features.csv
8/8_bN8xiV0toNI_5_126480_127120_features.csv
8/8_OwWldpOh0yo_5_48225_48725_features.csv
8/8_2nd-XLJzOsE_5_3760_4240_features.csv
8/8_1orehjW53lo_3_43480_43840_features.csv
8/8_6CUL9lp60rg_5_770440_770960_features.csv
8/8_G-oIy6FAUlk_10_91520_92800_features.csv
8/8_q_iwTyy6O8k_9_29850_30200_features.csv
8/8_bN8xiV0toNI_5_22560_23000_features.csv
8/8_85mDdrBQTIY_3_82360_82960_features.csv
8/8_rbwiOnDjex4_3_67925_68300_features.csv
8/8_ACFoRUxG8oA_5_91080_91480_features.csv
8/8_Rkm_pr_RAY4_3_88920_89640_features.csv
8/8_o7_ernQvXQ4_3_84875_85175_features.csv
8/8_h3oSdHnp__s_10_22720_23240_features.csv
8/8_OwWldpOh0yo_5_143320_143960_features.csv
8/8_o7_ernQvXQ4_3_81425_81700_features.csv
8/8_ERfCn8-c06o_9_46280_47000_features.csv
8/8_WLTE5Xg0kEU_3_14840_15280_features.csv
8/8_EFSuOojeLjE_10_4560_5080_features.csv
8/8_BIzEaMHCXiw_5_174280_174680_features.csv
8/8_Rkm_pr_RAY4_3_144320_145040_features.csv
8/8_CoaGlX3F-E4_3_44560_44920_features.csv
8/8_PteWobzf9ag_10_94600_95240_features.csv
8/8_SZRI8ND3EzU_9_325280_325920_features.csv
8/8_SZRI8ND3EzU_9_163280_164000_features.csv
8/8_Zpy_fOS22pg_5_22240_22600_features.csv
8/8_PteWobzf9ag_10_149320_150000_features.csv
8/8_dkMY6WD6oRY_3_3280_3840_features.csv
8/8_EFSuOojeLjE_10_11400_11760_features.csv
8/8_Z_c9m0gG9i8_3_273560_273960_features.csv
8/8_q36fZcYH3fc_3_209900_210325_features.csv
8/8_dEBaTqI-mS8_3_42640_43000_features.csv
8/8_wKW6he7wPpg_10_50880_51200_features.csv
8/8_Sbqr-bH0-dI_3_26640_27080_features.csv
8/8_ZURvR5zCzY4_10_3640_4200_features.csv
8/8_bKpmKCVZHN0_3_18840_19080_features.csv
8/8_v7D1uOEhf8I_10_98120_98600_features.csv
8/8_0qeYLvPBJWs_9_52040_52680_features.csv
8/8_lJeBuPOf7HY_9_5100_5300_features.csv
8/8_G-oIy6FAUlk_10_110080_110880_features.csv
8/8_PteWobzf9ag_10_7240_7760_features.csv
8/8_lJeBuPOf7HY_9_36525_36825_features.csv
8/8_ZURvR5zCzY4_10_125520_126200_features.csv
8/8_vyGbKTk-gzg_3_122200_122680_features.csv
8/8_q_iwTyy6O8k_9_102650_102875_features.csv
8/8_5JuNS_vnIYs_3_14040_14640_features.csv
8/8_PteWobzf9ag_10_91480_91800_features.csv
8/8_v9sYsMMCacc_10_21720_22400_features.csv
8/8_pZp41ZEqF-E_5_108040_108680_features.csv
8/8_unh-5lZtCtw_9_140920_141200_features.csv
8/8_Rkm_pr_RAY4_3_80440_81000_features.csv
8/8_cPXM_L2UaMQ_10_26680_27120_features.csv
8/8_CoaGlX3F-E4_3_51540_51840_features.csv
8/8_PMKbDvdchpA_3_173100_173700_features.csv
8/8_ZURvR5zCzY4_10_73760_74280_features.csv
8/8_o6Kca8E43eg_10_42120_42920_features.csv
8/8_cv_amCPZDDQ_3_137480_137880_features.csv
8/8_Z_c9m0gG9i8_3_235080_235720_features.csv
8/8_XErS7f6c0AM_5_31760_32120_features.csv
8/8_bN8xiV0toNI_5_77520_78040_features.csv
8/8_o7_ernQvXQ4_3_87440_87880_features.csv
8/8_5JuNS_vnIYs_3_4320_4800_features.csv
8/8_UQPvjVlIdUc_9_79600_80120_features.csv
8/8_SKZIM1S4c78_5_158080_158560_features.csv
8/8_M1xszBRw9Ro_10_17320_17800_features.csv
8/8_bUI64GMzl_Q_10_26240_26880_features.csv
8/8_aJemwxTbM0E_9_165850_166100_features.csv
8/8_UABroDHd4q4_3_4025_4800_features.csv
8/8_v7D1uOEhf8I_10_85720_86200_features.csv
8/8_6CUL9lp60rg_5_693320_693720_features.csv
8/8_unh-5lZtCtw_9_97520_98080_features.csv
8/8_0qeYLvPBJWs_9_65120_65800_features.csv
8/8_OwWldpOh0yo_5_97720_98200_features.csv
8/8_h3oSdHnp__s_10_41400_41800_features.csv
8/8_ZURvR5zCzY4_10_13320_13720_features.csv
8/8_CoaGlX3F-E4_3_38780_39240_features.csv
8/8_cv_amCPZDDQ_3_98480_98920_features.csv
8/8_v7D1uOEhf8I_10_87920_88320_features.csv
8/8_vZpFowr2i8k_3_14440_14960_features.csv
8/8_dEBaTqI-mS8_3_6720_7400_features.csv
8/8_G-oIy6FAUlk_10_84880_85400_features.csv
8/8_NE07pkgSCQQ_3_185975_186400_features.csv
8/8_54hyTaGhPFs_5_75840_76440_features.csv
8/8_znyGvu-Bp28_5_16920_17360_features.csv
8/8_4viQG8CNp4M_5_52800_53360_features.csv
8/8_F8ZtKUlxNco_5_73560_74400_features.csv
8/8_h3oSdHnp__s_10_48920_49400_features.csv
8/8_l88gZYCbR5g_5_12440_12880_features.csv
8/8_Rkm_pr_RAY4_3_4520_4880_features.csv
8/8_e7Rkdh0Iq04_3_66625_66925_features.csv
8/8_Sbqr-bH0-dI_3_122880_123560_features.csv
8/8_UABroDHd4q4_3_44775_45250_features.csv
8/8_BIzEaMHCXiw_5_273680_274120_features.csv
8/8_cv_amCPZDDQ_3_44760_45280_features.csv
8/8_BIzEaMHCXiw_5_214240_214840_features.csv
8/8_W4oR4lWGp0A_5_41480_41960_features.csv
8/8_PteWobzf9ag_10_116520_116960_features.csv
8/8_4viQG8CNp4M_5_57080_57560_features.csv
8/8_PteWobzf9ag_10_34640_35040_features.csv
8/8_bUI64GMzl_Q_10_92760_93360_features.csv
8/8_bUI64GMzl_Q_10_77400_77960_features.csv
8/8_ACFoRUxG8oA_5_48000_48400_features.csv
8/8_pTyFGqAdi4A_9_64480_64880_features.csv
8/8_85mDdrBQTIY_3_182720_183200_features.csv
8/8_h3oSdHnp__s_10_78160_78680_features.csv
8/8_F8ZtKUlxNco_5_147920_148520_features.csv
8/8_b_DZItc_MT8_5_84720_85200_features.csv
8/8_dx81Welon8k_3_18900_19250_features.csv
8/8_pT_tU8anQgE_5_55840_56320_features.csv
8/8_bN8xiV0toNI_5_60400_61160_features.csv
8/8_85mDdrBQTIY_3_123720_124160_features.csv
8/8_bN8xiV0toNI_5_116640_117640_features.csv
8/8_bN8xiV0toNI_5_137800_138240_features.csv
8/8_UQPvjVlIdUc_9_69160_69840_features.csv
8/8_ACFoRUxG8oA_5_93120_93440_features.csv
33/33_WiQtjC50f-M_1_291160_291440_features.csv
33/33_F8ZtKUlxNco_5_29240_29560_features.csv
33/33_M1xszBRw9Ro_10_165400_166120_features.csv
33/33_xngvsDWg76I_9_69240_69720_features.csv
33/33_DCEb-mtfXV4_10_76960_77440_features.csv
33/33_uYIHRM0YcT8_9_183225_184125_features.csv
33/33_70aA_f5W2eg_5_116800_117280_features.csv
33/33_q6eYkkDsMEU_5_99200_99720_features.csv
33/33_uWQV03Uryco_7_185240_185760_features.csv
33/33_r_NG6V4aYek_9_16680_17240_features.csv
33/33_eEnw82ssF00_7_102640_102840_features.csv
33/33_g0JVrfPwaV0_1_81560_82160_features.csv
33/33_3UP67jkT3xc_5_81120_81960_features.csv
33/33_g0JVrfPwaV0_1_69080_69360_features.csv
33/33_6CUL9lp60rg_5_218200_218640_features.csv
33/33_W2RrXo-SE-I_1_97975_98400_features.csv
33/33_iYxytj9B3_I_3_248360_248540_features.csv
33/33_dEBaTqI-mS8_3_35640_36080_features.csv
33/33_rbwiOnDjex4_3_52125_52375_features.csv
33/33_JghTBiAEwNc_5_30440_31040_features.csv
33/33_9XxebdcDyI8_3_81160_81760_features.csv
33/33_aJemwxTbM0E_9_276400_277375_features.csv
33/33_g0JVrfPwaV0_1_69800_70400_features.csv
33/33_uWQV03Uryco_7_114840_115480_features.csv
33/33_WiQtjC50f-M_1_163350_163700_features.csv
33/33_iLz0rQ5ZegY_3_227600_228000_features.csv
33/33_70aA_f5W2eg_5_118360_119160_features.csv
33/33_PMKbDvdchpA_3_18200_18480_features.csv
33/33_9XxebdcDyI8_3_97160_97480_features.csv
33/33_QfV-GOnjBcE_1_77575_77875_features.csv
33/33_h3oSdHnp__s_10_52520_53240_features.csv
33/33_1Huba-w4Mog_9_149640_150600_features.csv
33/33_dEBaTqI-mS8_3_21680_22160_features.csv
33/33_xngvsDWg76I_9_149120_150160_features.csv
33/33_nY6Ibj5Ud8w_1_37825_38200_features.csv
33/33_UQPvjVlIdUc_9_150720_151000_features.csv
33/33_NE07pkgSCQQ_3_32520_32760_features.csv
33/33_M1xszBRw9Ro_10_49520_50080_features.csv
33/33_rIYSOtAtv48_3_14820_15520_features.csv
33/33_hIBj-HoPJhI_3_68240_68520_features.csv
33/33_3UP67jkT3xc_5_175560_176120_features.csv
33/33_HSbkP5mw8n4_1_123880_124240_features.csv
33/33_PfhJdrof8v8_5_125040_125560_features.csv
33/33_UABroDHd4q4_3_51350_51875_features.csv
33/33_9sK0M5PkKZ4_9_218280_218720_features.csv
33/33_AHbS5GEGh1o_5_71440_72000_features.csv
33/33_F8ZtKUlxNco_5_28120_28600_features.csv
33/33_WiQtjC50f-M_1_280080_280360_features.csv
33/33_WiQtjC50f-M_1_183700_184050_features.csv
33/33_eEnw82ssF00_7_108040_108240_features.csv
33/33_TDH6B8JDB5E_1_60575_61350_features.csv
33/33_M1xszBRw9Ro_10_266400_266680_features.csv
33/33_DScczXLhnM8_1_99440_99840_features.csv
33/33_6CUL9lp60rg_5_284600_285000_features.csv
33/33_W2RrXo-SE-I_1_290280_290520_features.csv
33/33_q6eYkkDsMEU_5_100520_101160_features.csv
33/33_DScczXLhnM8_1_52360_52720_features.csv
33/33_6roQB5uogfk_7_9575_10175_features.csv
33/33_uWQV03Uryco_7_183400_183960_features.csv
33/33_uYIHRM0YcT8_9_202075_202675_features.csv
33/33_WX3UI5TtQQU_9_49680_50040_features.csv
33/33_b6aA0SmeUUI_1_42880_43240_features.csv
33/33_PMKbDvdchpA_3_124480_124680_features.csv
33/33_UABroDHd4q4_3_56625_57150_features.csv
33/33_-f3iJKBOm-8_5_85960_86600_features.csv
33/33_54hyTaGhPFs_5_210480_211040_features.csv
6/6_Sy-OLfgn0NY_5_101525_102125_features.csv
6/6_W4oR4lWGp0A_5_119720_120360_features.csv
6/6_W4oR4lWGp0A_5_118280_118760_features.csv
6/6_Y_vSE4qGlXg_5_92100_92400_features.csv
6/6_WX3UI5TtQQU_9_60520_61560_features.csv
6/6_85mDdrBQTIY_3_126840_127280_features.csv
6/6_WX3UI5TtQQU_9_150080_151200_features.csv
6/6_D9fwn7c9xVQ_9_110480_111440_features.csv
6/6_XErS7f6c0AM_5_3680_4440_features.csv
6/6_9sK0M5PkKZ4_9_297400_297840_features.csv
6/6_xngvsDWg76I_9_197600_198120_features.csv
6/6_85mDdrBQTIY_3_203880_204320_features.csv
6/6_QP6Lh2cypZU_9_156400_156880_features.csv
6/6_6CUL9lp60rg_5_30760_31440_features.csv
6/6_gQyDV_g0Sv0_9_205000_205800_features.csv
6/6_aJemwxTbM0E_9_275775_276250_features.csv
6/6_BIzEaMHCXiw_5_82200_82440_features.csv
6/6_aJemwxTbM0E_9_75300_76350_features.csv
6/6_6CUL9lp60rg_5_19040_19800_features.csv
6/6_aJemwxTbM0E_9_257550_258900_features.csv
6/6_W4oR4lWGp0A_5_135400_135800_features.csv
6/6_1orehjW53lo_3_224960_225320_features.csv
6/6_ACFoRUxG8oA_5_98000_98680_features.csv
6/6_3UP67jkT3xc_5_171240_171600_features.csv
6/6_Y_vSE4qGlXg_5_69425_69750_features.csv
6/6_cv_amCPZDDQ_3_24640_24920_features.csv
6/6_WLTE5Xg0kEU_3_12120_13120_features.csv
6/6_dEBaTqI-mS8_3_65440_66040_features.csv
6/6_WX3UI5TtQQU_9_324480_324920_features.csv
6/6_QP6Lh2cypZU_9_141840_142640_features.csv
6/6_cv_amCPZDDQ_3_159520_160320_features.csv
6/6_BIzEaMHCXiw_5_212920_213560_features.csv
6/6_85mDdrBQTIY_3_111280_111760_features.csv
6/6_fIHQbCOce5E_9_37400_38400_features.csv
6/6_uYIHRM0YcT8_9_182525_182825_features.csv
6/6_D9fwn7c9xVQ_9_161360_161840_features.csv
6/6_gQyDV_g0Sv0_9_201240_202160_features.csv
6/6_WLTE5Xg0kEU_3_202320_202600_features.csv
6/6_85mDdrBQTIY_3_24880_25520_features.csv
6/6_l88gZYCbR5g_5_85480_86040_features.csv
6/6_1orehjW53lo_3_195920_196680_features.csv
6/6_Sy-OLfgn0NY_5_35080_35560_features.csv
6/6_1orehjW53lo_3_71120_71640_features.csv
6/6_85mDdrBQTIY_3_161240_161760_features.csv
6/6_D9fwn7c9xVQ_9_101040_101400_features.csv
6/6_9sK0M5PkKZ4_9_283200_283760_features.csv
6/6_SZRI8ND3EzU_9_195120_195680_features.csv
6/6_uYIHRM0YcT8_9_161575_163150_features.csv
6/6_WX3UI5TtQQU_9_54480_55080_features.csv
6/6_uYIHRM0YcT8_9_123900_125250_features.csv
6/6_3UP67jkT3xc_5_9840_10120_features.csv
6/6_lJLgmX4mK5Q_9_16040_17360_features.csv
42/42_Ss66tHhsdro_6_132240_132600_features.csv
42/42_bN8xiV0toNI_5_61400_61800_features.csv
42/42_85mDdrBQTIY_3_29160_29400_features.csv
42/42_odXbItlRjNg_5_222040_222480_features.csv
42/42_1Huba-w4Mog_9_157680_158400_features.csv
42/42_IlgY_gb74zw_3_239000_239480_features.csv
42/42_4viQG8CNp4M_5_82640_83000_features.csv
42/42_odXbItlRjNg_5_334080_334680_features.csv
42/42_o6Kca8E43eg_10_176120_176440_features.csv
42/42_odXbItlRjNg_5_136720_137240_features.csv
42/42_X-9JcsybQ9A_5_12040_12680_features.csv
42/42_j3qyr4JjZKw_6_14480_14840_features.csv
42/42_odXbItlRjNg_5_202000_202840_features.csv
42/42_r_NG6V4aYek_9_226520_226920_features.csv
42/42_IlgY_gb74zw_3_44360_44640_features.csv
42/42_X-9JcsybQ9A_5_7600_8440_features.csv
42/42_o6Kca8E43eg_10_236240_237200_features.csv
42/42_o6Kca8E43eg_10_215320_215680_features.csv
42/42_vyGbKTk-gzg_3_56200_56600_features.csv
42/42_BIzEaMHCXiw_5_118800_119320_features.csv
42/42_kEz3DVWNF8w_5_22600_23575_features.csv
42/42_o6Kca8E43eg_10_214160_214560_features.csv
42/42_o6Kca8E43eg_10_190440_191120_features.csv
42/42_pCtiQRICc-0_9_75320_75640_features.csv
42/42_lJeBuPOf7HY_9_75925_76875_features.csv
42/42_IlgY_gb74zw_3_68360_69080_features.csv
42/42_Sbqr-bH0-dI_3_111840_112240_features.csv
42/42_Sbqr-bH0-dI_3_161200_161480_features.csv
42/42_CoaGlX3F-E4_3_98720_99000_features.csv
42/42_WX3UI5TtQQU_9_274760_275880_features.csv
42/42_Ss66tHhsdro_6_109440_109960_features.csv
42/42_WLTE5Xg0kEU_3_311080_311400_features.csv
42/42_1Huba-w4Mog_9_163960_164440_features.csv
42/42_4HOJSm5XYeo_9_49240_49560_features.csv
42/42_0qeYLvPBJWs_9_77120_77800_features.csv
42/42_UQPvjVlIdUc_9_149040_149440_features.csv
42/42_odXbItlRjNg_5_182720_183480_features.csv
42/42_W50BB1aT094_6_15150_15725_features.csv
42/42_2y2MnHD4i8o_6_72920_73280_features.csv
42/42_iLz0rQ5ZegY_3_112975_113350_features.csv
42/42_lJeBuPOf7HY_9_67650_68025_features.csv
42/42_Z_c9m0gG9i8_3_26400_26640_features.csv
42/42_QP6Lh2cypZU_9_6000_6520_features.csv
42/42_FhpfERsdST8_3_66120_66520_features.csv
42/42_WX3UI5TtQQU_9_124000_124360_features.csv
42/42_PMKbDvdchpA_3_191840_192240_features.csv
42/42_odXbItlRjNg_5_259280_259560_features.csv
42/42_9XxebdcDyI8_3_250200_250440_features.csv
42/42_r_NG6V4aYek_9_37280_37600_features.csv
42/42_pv-ojC_4sqU_5_11280_11960_features.csv
42/42_odXbItlRjNg_5_106320_106720_features.csv
42/42_IlgY_gb74zw_3_210920_211160_features.csv
42/42_M1xszBRw9Ro_10_194240_194720_features.csv
42/42_SYlZa_rEzO0_9_18360_18800_features.csv
42/42_odXbItlRjNg_5_368200_368680_features.csv
42/42_Rkm_pr_RAY4_3_67400_67880_features.csv
42/42_SZRI8ND3EzU_9_102440_102800_features.csv
42/42_lJeBuPOf7HY_9_56850_57225_features.csv
42/42_1orehjW53lo_3_67600_68360_features.csv
42/42_uYIHRM0YcT8_9_108150_108425_features.csv
42/42_iYxytj9B3_I_3_61300_61640_features.csv
42/42_DCEb-mtfXV4_10_16840_17400_features.csv
42/42_BIzEaMHCXiw_5_244560_244920_features.csv
42/42_S7ltODt2LKM_9_62440_63280_features.csv
42/42_gQyDV_g0Sv0_9_173680_174520_features.csv
42/42_vyGbKTk-gzg_3_58320_58680_features.csv
42/42_CoaGlX3F-E4_3_35640_36140_features.csv
42/42_SZRI8ND3EzU_9_117200_117720_features.csv
42/42_1orehjW53lo_3_156280_156640_features.csv
42/42_aJemwxTbM0E_9_139925_141075_features.csv
42/42_LIUnahfsZN8_6_9520_10000_features.csv
38/38_PViDFh6IYAk_5_4240_4600_features.csv
38/38_q36fZcYH3fc_3_98175_98900_features.csv
38/38_sJcrfC-jm-M_5_19720_20120_features.csv
38/38_Ss66tHhsdro_6_124825_125225_features.csv
38/38_JVYvMF536U8_5_11200_11560_features.csv
38/38_b6aA0SmeUUI_1_34600_35325_features.csv
38/38_JVYvMF536U8_5_14240_14520_features.csv
38/38_WLTE5Xg0kEU_3_241640_242160_features.csv
38/38_iLz0rQ5ZegY_3_208325_208700_features.csv
38/38_5PWLe5GaIEA_5_5760_6360_features.csv
38/38_JG_eeBdI6To_5_12840_13440_features.csv
38/38_85mDdrBQTIY_3_383840_384240_features.csv
38/38_iLz0rQ5ZegY_3_165100_165475_features.csv
38/38_X-9JcsybQ9A_5_57320_57640_features.csv
38/38_PMKbDvdchpA_3_122150_122550_features.csv
38/38_XErS7f6c0AM_5_205320_205760_features.csv
38/38_iLz0rQ5ZegY_3_214225_214750_features.csv
38/38_q36fZcYH3fc_3_47975_48450_features.csv
38/38_85mDdrBQTIY_3_180480_180960_features.csv
38/38_nY6Ibj5Ud8w_1_266720_267040_features.csv
38/38_Zt_IRWKZeNM_3_44600_44920_features.csv
38/38_zron8Ed237Q_1_37600_38080_features.csv
38/38_5PWLe5GaIEA_5_2960_3440_features.csv
38/38_bN8xiV0toNI_5_120360_120640_features.csv
38/38_Ss66tHhsdro_6_318800_319240_features.csv
38/38_Dc7A-zC9x3I_1_80280_80600_features.csv
38/38_OwWldpOh0yo_5_13280_13840_features.csv
38/38_Zt_IRWKZeNM_3_39760_40520_features.csv
38/38_rIYSOtAtv48_3_89180_89660_features.csv
38/38_sJcrfC-jm-M_5_37400_37640_features.csv
38/38_V3_vJEWGUlw_3_49520_49800_features.csv
38/38_PViDFh6IYAk_5_66400_66720_features.csv
38/38_BXAiYnEyX-4_1_166560_166920_features.csv
38/38_q36fZcYH3fc_3_108075_108475_features.csv
38/38_Sbqr-bH0-dI_3_116160_116680_features.csv
38/38_1orehjW53lo_3_205640_206200_features.csv
38/38_Zt_IRWKZeNM_3_141600_141880_features.csv
38/38_PMKbDvdchpA_3_223625_224250_features.csv
38/38_70aA_f5W2eg_5_35720_36520_features.csv
38/38_4viQG8CNp4M_5_164640_165040_features.csv
38/38_UczPDLSQ8t0_5_37440_37880_features.csv
38/38_QdeWaRVI0Y8_1_86960_87520_features.csv
38/38_Sbqr-bH0-dI_3_89200_89640_features.csv
38/38_dx81Welon8k_3_103250_103725_features.csv
38/38_Sbqr-bH0-dI_3_106280_106720_features.csv
38/38_EL1G60MtjeQ_1_118360_118920_features.csv
38/38_PMKbDvdchpA_3_197025_197525_features.csv
38/38_q36fZcYH3fc_3_70500_71000_features.csv
38/38_4viQG8CNp4M_5_158520_159160_features.csv
38/38_VBC2i8bbqa4_5_134600_135000_features.csv
38/38_dKNNEbICWSY_5_32640_33040_features.csv
38/38_8ikFug8AtA0_5_28160_28680_features.csv
38/38_0E0-Ql8bgl0_6_25840_26280_features.csv
38/38_l611vk1622c_3_51160_51500_features.csv
38/38_XErS7f6c0AM_5_129720_130120_features.csv
38/38_q36fZcYH3fc_3_20625_21100_features.csv
38/38_iLz0rQ5ZegY_3_160250_160700_features.csv
38/38_rIYSOtAtv48_3_167080_167420_features.csv
38/38_b_DZItc_MT8_5_76840_77280_features.csv
38/38_q36fZcYH3fc_3_162825_163475_features.csv
38/38_XErS7f6c0AM_5_221640_222200_features.csv
38/38_ElQUTcP9CXI_5_91280_91760_features.csv
38/38_PViDFh6IYAk_5_14840_15160_features.csv
38/38_iLz0rQ5ZegY_3_72175_72475_features.csv
38/38_sJcrfC-jm-M_5_67200_67640_features.csv
38/38_Ss66tHhsdro_6_50720_51400_features.csv
38/38_iLz0rQ5ZegY_3_166300_166625_features.csv
38/38_PMKbDvdchpA_3_290640_291080_features.csv
38/38_g0JVrfPwaV0_1_77640_78640_features.csv
38/38_iLz0rQ5ZegY_3_103650_104200_features.csv
38/38_cv_amCPZDDQ_3_64040_64440_features.csv
38/38_HSbkP5mw8n4_1_99400_99720_features.csv
38/38_V3_vJEWGUlw_3_93520_94000_features.csv
38/38_NE07pkgSCQQ_3_148425_148800_features.csv
38/38_OU7hkPpVByc_1_52760_53000_features.csv
38/38_o7_ernQvXQ4_3_18300_18625_features.csv
38/38_Zt_IRWKZeNM_3_42880_43120_features.csv
38/38_LZa-kCvTstE_5_58240_58800_features.csv
38/38_iYxytj9B3_I_3_245920_246420_features.csv
38/38_iLz0rQ5ZegY_3_12000_12500_features.csv
38/38_q36fZcYH3fc_3_171525_172150_features.csv
38/38_l611vk1622c_3_38140_38360_features.csv
38/38_ElQUTcP9CXI_5_93640_94480_features.csv
38/38_b_DZItc_MT8_5_54120_54520_features.csv
38/38_rIYSOtAtv48_3_72660_72820_features.csv
38/38_q36fZcYH3fc_3_134025_134600_features.csv
38/38_nY6Ibj5Ud8w_1_230880_231240_features.csv
38/38_dx81Welon8k_3_108975_109375_features.csv
38/38_ElQUTcP9CXI_5_90000_90520_features.csv
38/38_VBC2i8bbqa4_5_38360_38680_features.csv
38/38_iLz0rQ5ZegY_3_150200_150775_features.csv
38/38_Dc7A-zC9x3I_1_75680_76160_features.csv
38/38_dx81Welon8k_3_97475_98325_features.csv
38/38_iLz0rQ5ZegY_3_80650_81125_features.csv
38/38_q6eYkkDsMEU_5_42600_42960_features.csv
38/38_dx81Welon8k_3_43550_44300_features.csv
38/38_pT_tU8anQgE_5_52960_53480_features.csv
40/40_fIHQbCOce5E_9_11200_11600_features.csv
40/40_PMKbDvdchpA_3_47925_48425_features.csv
40/40_BIzEaMHCXiw_5_269440_269880_features.csv
40/40_pT_tU8anQgE_5_10040_10600_features.csv
40/40_SKZIM1S4c78_5_4000_4720_features.csv
40/40_54hyTaGhPFs_5_139760_140160_features.csv
40/40_iYxytj9B3_I_3_6120_6480_features.csv
40/40_BIzEaMHCXiw_5_8840_9080_features.csv
40/40__gzz8994rV0_1_11080_11400_features.csv
40/40_hUBJgXS9Rzw_3_202880_203400_features.csv
40/40_2nd-XLJzOsE_5_103920_104520_features.csv
40/40_VBC2i8bbqa4_5_3025_3400_features.csv
40/40_unh-5lZtCtw_9_121840_122320_features.csv
40/40_BIzEaMHCXiw_5_24600_25080_features.csv
40/40_85mDdrBQTIY_3_250040_250360_features.csv
40/40_6CUL9lp60rg_5_24720_24960_features.csv
40/40_6CUL9lp60rg_5_647760_648480_features.csv
40/40_6CUL9lp60rg_5_157320_157600_features.csv
40/40_PMKbDvdchpA_3_32800_33160_features.csv
40/40_h3oSdHnp__s_10_50920_51320_features.csv
40/40_6CUL9lp60rg_5_568800_569280_features.csv
40/40_lJeBuPOf7HY_9_125075_126000_features.csv
40/40_Dc7A-zC9x3I_1_42120_43000_features.csv
40/40_8j29V2Gcy1M_9_86560_87080_features.csv
40/40_BIzEaMHCXiw_5_321920_322200_features.csv
40/40_hUBJgXS9Rzw_3_43240_43600_features.csv
40/40_6CUL9lp60rg_5_87520_88080_features.csv
40/40_85mDdrBQTIY_3_3360_4000_features.csv
40/40_54hyTaGhPFs_5_34920_35440_features.csv
40/40_hUBJgXS9Rzw_3_152120_152760_features.csv
40/40_DCEb-mtfXV4_10_85600_86160_features.csv
40/40_2nd-XLJzOsE_5_46560_46880_features.csv
40/40_70aA_f5W2eg_5_87680_88240_features.csv
40/40_Dc7A-zC9x3I_1_59720_60240_features.csv
40/40_VBC2i8bbqa4_5_9475_9800_features.csv
40/40_o6Kca8E43eg_10_230840_231240_features.csv
40/40_iYxytj9B3_I_3_3280_3820_features.csv
40/40_BIzEaMHCXiw_5_85360_85880_features.csv
40/40_54hyTaGhPFs_5_10680_11040_features.csv
40/40_Zohg0xfNAv8_5_11200_11800_features.csv
40/40_PMKbDvdchpA_3_9625_10300_features.csv
40/40_-f3iJKBOm-8_5_71080_71720_features.csv
40/40_PMKbDvdchpA_3_3425_4250_features.csv
40/40_pCtiQRICc-0_9_3360_4040_features.csv
40/40_9sK0M5PkKZ4_9_315480_315960_features.csv
40/40_6CUL9lp60rg_5_3560_4320_features.csv
40/40_PMKbDvdchpA_3_337375_338125_features.csv
40/40_70aA_f5W2eg_5_177040_177680_features.csv
40/40_W2RrXo-SE-I_1_297200_297775_features.csv
40/40_54hyTaGhPFs_5_133720_134080_features.csv
40/40_VBC2i8bbqa4_5_150640_150920_features.csv
40/40_Zohg0xfNAv8_5_159200_159760_features.csv
40/40_SZRI8ND3EzU_9_3440_3840_features.csv
40/40_PMKbDvdchpA_3_316175_316600_features.csv
40/40_L6NCVoh6YiE_5_71240_71720_features.csv
40/40_54hyTaGhPFs_5_138160_138440_features.csv
40/40_Z_c9m0gG9i8_3_264960_265320_features.csv
40/40_r_NG6V4aYek_9_264720_265520_features.csv
40/40_VBC2i8bbqa4_5_148160_148680_features.csv
40/40_h3oSdHnp__s_10_28080_28520_features.csv
40/40_Zohg0xfNAv8_5_98720_99080_features.csv
40/40_5JuNS_vnIYs_3_24800_25240_features.csv
40/40_F8ZtKUlxNco_5_186840_187240_features.csv
40/40_h3oSdHnp__s_10_120800_121200_features.csv
40/40_pCtiQRICc-0_9_21840_22240_features.csv
40/40_W2RrXo-SE-I_1_61850_62200_features.csv
40/40_54hyTaGhPFs_5_41880_42560_features.csv
40/40_BIzEaMHCXiw_5_337360_337760_features.csv
40/40_6CUL9lp60rg_5_49840_50200_features.csv
40/40_hUBJgXS9Rzw_3_240280_240600_features.csv
40/40_nY6Ibj5Ud8w_1_3640_4040_features.csv
40/40_SZRI8ND3EzU_9_304120_304600_features.csv
40/40_DScczXLhnM8_1_92480_92840_features.csv
40/40_-f3iJKBOm-8_5_77200_77800_features.csv
40/40_gQyDV_g0Sv0_9_190000_190680_features.csv
40/40_UczPDLSQ8t0_5_2800_3320_features.csv
40/40_BIzEaMHCXiw_5_279800_280480_features.csv
40/40_85mDdrBQTIY_3_325040_325400_features.csv
40/40_85mDdrBQTIY_3_91000_91560_features.csv
40/40_unh-5lZtCtw_9_115120_115640_features.csv
40/40_6CUL9lp60rg_5_5520_5880_features.csv
40/40_SZRI8ND3EzU_9_295680_296400_features.csv
40/40_-f3iJKBOm-8_5_46560_47120_features.csv
40/40_JVYvMF536U8_5_89120_89640_features.csv
40/40_pT_tU8anQgE_5_45080_46040_features.csv
40/40_Y_vSE4qGlXg_5_196100_196700_features.csv
40/40_Y_vSE4qGlXg_5_7800_8560_features.csv
40/40_PMKbDvdchpA_3_26975_27450_features.csv
40/40_Zt_IRWKZeNM_3_148680_149600_features.csv
40/40_54hyTaGhPFs_5_152240_152920_features.csv
40/40_hUBJgXS9Rzw_3_67560_68000_features.csv
40/40_70aA_f5W2eg_5_2560_3200_features.csv
40/40_PMKbDvdchpA_3_61360_62760_features.csv
40/40_BXAiYnEyX-4_1_22280_22480_features.csv
40/40_lJeBuPOf7HY_9_114450_114950_features.csv
40/40_L6NCVoh6YiE_5_85360_85960_features.csv
40/40_6CUL9lp60rg_5_8640_9000_features.csv
40/40_F8ZtKUlxNco_5_93560_94120_features.csv
40/40_W2RrXo-SE-I_1_281880_282480_features.csv
40/40_unh-5lZtCtw_9_94080_94840_features.csv
40/40_pZp41ZEqF-E_5_83000_83320_features.csv
28/28_8j29V2Gcy1M_9_94160_94600_features.csv
28/28_6CUL9lp60rg_5_639560_639840_features.csv
28/28_pTyFGqAdi4A_9_3760_4120_features.csv
28/28_SKZIM1S4c78_5_42680_43040_features.csv
28/28_0qeYLvPBJWs_9_110520_111080_features.csv
28/28_PWuysv8N7D0_9_67280_67920_features.csv
28/28_IlgY_gb74zw_3_163240_163560_features.csv
28/28_gQyDV_g0Sv0_9_139800_140080_features.csv
28/28_VBC2i8bbqa4_5_86440_86760_features.csv
28/28_spf1l3dAP68_3_82000_82360_features.csv
28/28_e7Rkdh0Iq04_3_57960_58360_features.csv
28/28_eM5BQk7WdbM_1_67320_67720_features.csv
28/28_bKpmKCVZHN0_3_8640_9000_features.csv
28/28_iYxytj9B3_I_3_28500_28780_features.csv
28/28_vyGbKTk-gzg_3_135840_136320_features.csv
28/28_PMKbDvdchpA_3_134425_134975_features.csv
28/28_QHUQlQdmZQE_2_67425_67625_features.csv
28/28_iLz0rQ5ZegY_3_230560_230840_features.csv
28/28_85mDdrBQTIY_3_136600_136960_features.csv
28/28_nY6Ibj5Ud8w_1_203825_204075_features.csv
28/28_UABroDHd4q4_3_140325_140675_features.csv
28/28_zron8Ed237Q_1_16640_16880_features.csv
28/28_9zZ5PHoNt7E_5_50625_50850_features.csv
28/28_QdeWaRVI0Y8_1_127880_128160_features.csv
28/28_hUBJgXS9Rzw_3_172720_172960_features.csv
28/28_iYxytj9B3_I_3_95060_95480_features.csv
28/28_54hyTaGhPFs_5_219800_220120_features.csv
28/28_SZRI8ND3EzU_9_74720_75240_features.csv
28/28_spf1l3dAP68_3_150040_150440_features.csv
28/28_SZRI8ND3EzU_9_193840_194280_features.csv
28/28_WiQtjC50f-M_1_218920_219320_features.csv
28/28_uYIHRM0YcT8_9_62375_62675_features.csv
28/28_ysz0CjirP84_9_45360_45720_features.csv
28/28_6CUL9lp60rg_5_738760_739200_features.csv
28/28_Sy-OLfgn0NY_5_111500_111700_features.csv
28/28_SZRI8ND3EzU_9_216120_216320_features.csv
28/28_pTyFGqAdi4A_9_64960_65280_features.csv
28/28_EL1G60MtjeQ_1_48840_49080_features.csv
28/28_Wz1B6prEk1M_1_130000_130240_features.csv
28/28_JghTBiAEwNc_5_15080_15360_features.csv
28/28_gQyDV_g0Sv0_9_151120_151560_features.csv
28/28_gR2aGrjNE84_2_119800_120000_features.csv
28/28_SZRI8ND3EzU_9_78960_79520_features.csv
28/28_QHUQlQdmZQE_2_60560_60760_features.csv
28/28_SKZIM1S4c78_5_64080_64480_features.csv
28/28_PWuysv8N7D0_9_56760_57160_features.csv
28/28_QHUQlQdmZQE_2_45150_45375_features.csv
28/28_l88gZYCbR5g_5_56920_57120_features.csv
28/28_iYxytj9B3_I_3_158640_159000_features.csv
28/28_OwWldpOh0yo_5_100160_100840_features.csv
28/28_PWuysv8N7D0_9_73720_74200_features.csv
28/28_spf1l3dAP68_3_264760_265240_features.csv
28/28_hUBJgXS9Rzw_3_213840_214360_features.csv
28/28_PMKbDvdchpA_3_252775_253025_features.csv
28/28_spf1l3dAP68_3_75520_75920_features.csv
28/28_EL1G60MtjeQ_1_67920_68200_features.csv
28/28_PMKbDvdchpA_3_118925_119475_features.csv
28/28_9XxebdcDyI8_3_106120_106440_features.csv
28/28_6CUL9lp60rg_5_643360_644000_features.csv
28/28_WiQtjC50f-M_1_219825_220050_features.csv
28/28_b_DZItc_MT8_5_39920_40120_features.csv
28/28_zron8Ed237Q_1_40600_40800_features.csv
28/28_o7_ernQvXQ4_3_12325_12975_features.csv
28/28_BXAiYnEyX-4_1_129840_130160_features.csv
28/28_q_iwTyy6O8k_9_23050_23425_features.csv
28/28_UczPDLSQ8t0_5_88280_88800_features.csv
28/28_EHumoIaIfbU_1_32480_32640_features.csv
28/28_wRRNHQc32uU_9_49760_50000_features.csv
28/28_ERfCn8-c06o_9_144800_145120_features.csv
28/28_r_NG6V4aYek_9_119480_119640_features.csv
28/28_DScczXLhnM8_1_47240_47520_features.csv
28/28_D9fwn7c9xVQ_9_183880_184680_features.csv
28/28_uYIHRM0YcT8_9_164100_164425_features.csv
28/28_WX3UI5TtQQU_9_443520_443960_features.csv
28/28_5JuNS_vnIYs_3_31440_31920_features.csv
28/28__HcChWJ-6Ug_1_23160_23400_features.csv
28/28_WX3UI5TtQQU_9_110560_110840_features.csv
28/28_54hyTaGhPFs_5_214080_215160_features.csv
28/28__HcChWJ-6Ug_1_57280_57480_features.csv
28/28_WX3UI5TtQQU_9_105960_106400_features.csv
28/28_c9ZdpffShj4_3_70240_70480_features.csv
28/28_MQ3EyC0S7Ik_9_128440_128840_features.csv
28/28_PMKbDvdchpA_3_262675_263050_features.csv
28/28_IlgY_gb74zw_3_192800_193040_features.csv
28/28_3UP67jkT3xc_5_26080_26240_features.csv
28/28_c9ZdpffShj4_3_77520_77880_features.csv
28/28_rbwiOnDjex4_3_118100_118575_features.csv
28/28__LcXSjZwm_Q_5_61040_61320_features.csv
28/28_qM1ejOeP6EI_5_26120_26400_features.csv
28/28_gQyDV_g0Sv0_9_84800_85160_features.csv
28/28_Z_c9m0gG9i8_3_339120_339440_features.csv
28/28_SZRI8ND3EzU_9_240920_241320_features.csv
28/28_eM5BQk7WdbM_1_72280_72520_features.csv
28/28_WiQtjC50f-M_1_235950_236150_features.csv
28/28_SZRI8ND3EzU_9_272840_273240_features.csv
28/28_UQPvjVlIdUc_9_246400_246840_features.csv
28/28_QP6Lh2cypZU_9_169160_169760_features.csv
28/28_tu_eDaNW8iM_2_54025_54475_features.csv
28/28_SKZIM1S4c78_5_136320_136600_features.csv
28/28_6CUL9lp60rg_5_44200_44560_features.csv
28/28_lJeBuPOf7HY_9_121275_121675_features.csv
28/28_vyGbKTk-gzg_3_43720_44120_features.csv
28/28_85mDdrBQTIY_3_98760_99160_features.csv
28/28_SKZIM1S4c78_5_48360_48720_features.csv
28/28_zron8Ed237Q_1_22720_22960_features.csv
28/28_hUBJgXS9Rzw_3_209800_210480_features.csv
28/28_WiQtjC50f-M_1_269525_269725_features.csv
28/28_9Qe1tpTAuNY_9_16375_16600_features.csv
28/28_dKNNEbICWSY_5_48880_49320_features.csv
28/28__HcChWJ-6Ug_1_38280_38480_features.csv
28/28_FhpfERsdST8_3_116880_117280_features.csv
28/28_hUBJgXS9Rzw_3_114200_114440_features.csv
28/28_WiQtjC50f-M_1_237650_237800_features.csv
28/28_SZRI8ND3EzU_9_143000_143320_features.csv
28/28_UQPvjVlIdUc_9_126800_127000_features.csv
28/28_FhpfERsdST8_3_13200_13680_features.csv
28/28_JGmBuPA3tQg_2_71475_71700_features.csv
28/28_JVYvMF536U8_5_61840_62360_features.csv
28/28_gR2aGrjNE84_2_80475_80675_features.csv
28/28_WiQtjC50f-M_1_223300_223500_features.csv
28/28_WiQtjC50f-M_1_236760_237000_features.csv
28/28_WiQtjC50f-M_1_255400_255725_features.csv
28/28_85mDdrBQTIY_3_64640_64960_features.csv
28/28_3UP67jkT3xc_5_173200_173440_features.csv
28/28_wgmHta_ijns_9_81960_82680_features.csv
28/28_iYxytj9B3_I_3_130480_130780_features.csv
28/28_tu_eDaNW8iM_2_33200_33425_features.csv
28/28_SZRI8ND3EzU_9_112040_112520_features.csv
28/28_rIYSOtAtv48_3_119460_119720_features.csv
28/28_JVYvMF536U8_5_91880_92320_features.csv
28/28_aJemwxTbM0E_9_313080_313680_features.csv
28/28_EHumoIaIfbU_1_52080_52360_features.csv
28/28_MddOAfQQ6TY_1_62880_63280_features.csv
28/28__HcChWJ-6Ug_1_256440_256680_features.csv
28/28_spf1l3dAP68_3_233800_234080_features.csv
28/28_tu_eDaNW8iM_2_75025_75375_features.csv
28/28__HcChWJ-6Ug_1_242600_242800_features.csv
28/28_spf1l3dAP68_3_122120_122440_features.csv
26/26_znyGvu-Bp28_5_36400_37000_features.csv
26/26_CdYhKZb2rVo_8_56080_56720_features.csv
26/26_9sK0M5PkKZ4_9_336880_337480_features.csv
26/26_BIzEaMHCXiw_5_251920_252280_features.csv
26/26_sJcrfC-jm-M_5_15560_16080_features.csv
26/26_1orehjW53lo_3_131560_131840_features.csv
26/26_85mDdrBQTIY_3_277840_278320_features.csv
26/26_FhpfERsdST8_3_113560_113920_features.csv
26/26_rIYSOtAtv48_3_121140_121640_features.csv
26/26_Wz1B6prEk1M_1_35400_35600_features.csv
26/26_odXbItlRjNg_5_274425_274925_features.csv
26/26_SZRI8ND3EzU_9_44720_45280_features.csv
26/26_VMoazggJVD0_9_38560_39040_features.csv
26/26_1orehjW53lo_3_15440_15920_features.csv
26/26_D9fwn7c9xVQ_9_15360_15960_features.csv
26/26_BIzEaMHCXiw_5_323480_323800_features.csv
26/26_iewVxXrMVj0_5_21160_22000_features.csv
26/26_pCtiQRICc-0_9_70680_71360_features.csv
26/26_rIYSOtAtv48_3_124780_125200_features.csv
26/26_PMKbDvdchpA_3_69160_69520_features.csv
26/26_Sbqr-bH0-dI_3_83280_83680_features.csv
26/26_JVYvMF536U8_5_42760_43280_features.csv
26/26_o7_ernQvXQ4_3_16520_16880_features.csv
26/26_iLz0rQ5ZegY_3_183000_183300_features.csv
26/26_spf1l3dAP68_3_87560_87960_features.csv
26/26_WiQtjC50f-M_1_330800_331840_features.csv
26/26_8j29V2Gcy1M_9_121760_122680_features.csv
26/26_Y_vSE4qGlXg_5_124475_124825_features.csv
26/26_amCdj5zSnE4_3_17280_17740_features.csv
26/26_CdYhKZb2rVo_8_51520_51840_features.csv
26/26_6gwIyDawfiQ_5_38000_38600_features.csv
26/26_LIUnahfsZN8_6_27600_28425_features.csv
26/26_85mDdrBQTIY_3_291680_292480_features.csv
26/26_PMKbDvdchpA_3_208775_209225_features.csv
26/26_PfhJdrof8v8_5_100880_101360_features.csv
26/26_PfhJdrof8v8_5_54760_55360_features.csv
26/26_IBBhBH6h1hg_6_8960_9600_features.csv
26/26_CdYhKZb2rVo_8_58960_59320_features.csv
26/26_odXbItlRjNg_5_258925_259250_features.csv
26/26_CdYhKZb2rVo_8_57240_57520_features.csv
26/26_9zZ5PHoNt7E_5_74280_74760_features.csv
26/26_DScczXLhnM8_1_78080_78480_features.csv
26/26_3UP67jkT3xc_5_17640_17960_features.csv
26/26_C7QdnEP_YGI_6_44600_45440_features.csv
26/26_htHy0mIx6d8_1_18825_19725_features.csv
26/26_k36ANsahsm0_8_137920_138520_features.csv
26/26_NE07pkgSCQQ_3_198975_199425_features.csv
26/26_WLTE5Xg0kEU_3_235400_235720_features.csv
26/26_9zZ5PHoNt7E_5_157125_157600_features.csv
26/26_9sK0M5PkKZ4_9_222200_223240_features.csv
26/26_6CUL9lp60rg_5_649000_649400_features.csv
26/26_ElQUTcP9CXI_5_84360_84960_features.csv
26/26_odXbItlRjNg_5_316075_316700_features.csv
26/26_8j29V2Gcy1M_9_34680_35600_features.csv
26/26_LZa-kCvTstE_5_4950_5475_features.csv
26/26_CdYhKZb2rVo_8_53600_54160_features.csv
26/26_xLsHnvl2Jyw_9_68120_69160_features.csv
26/26_VMoazggJVD0_9_37040_37720_features.csv
26/26_nY6Ibj5Ud8w_1_113625_114275_features.csv
26/26_9zZ5PHoNt7E_5_29320_29600_features.csv
26/26_CoaGlX3F-E4_3_13720_14080_features.csv
26/26_Ss66tHhsdro_6_68275_69325_features.csv
26/26_Sy-OLfgn0NY_5_9550_9850_features.csv
26/26_LZa-kCvTstE_5_109600_110025_features.csv
26/26_amCdj5zSnE4_3_14680_15020_features.csv
26/26_WiQtjC50f-M_1_106425_107000_features.csv
26/26__sOvXjWzjhg_6_118000_118280_features.csv
26/26_WiQtjC50f-M_1_141975_142475_features.csv
26/26_EL1G60MtjeQ_1_216040_216280_features.csv
26/26_pCtiQRICc-0_9_69640_70040_features.csv
26/26_UABroDHd4q4_3_173850_174275_features.csv
26/26_vyGbKTk-gzg_3_42600_43040_features.csv
26/26__sOvXjWzjhg_6_83120_83400_features.csv
26/26_BIzEaMHCXiw_5_116720_117200_features.csv
26/26_wRRNHQc32uU_9_79320_79880_features.csv
26/26_zron8Ed237Q_1_59840_60680_features.csv
26/26_9sK0M5PkKZ4_9_216000_217200_features.csv
26/26_5JuNS_vnIYs_3_42760_43120_features.csv
26/26_ElQUTcP9CXI_5_70720_71160_features.csv
26/26_BIzEaMHCXiw_5_317040_317640_features.csv
26/26_sJcrfC-jm-M_5_35720_36160_features.csv
26/26_aMyljzx7qJs_8_138600_139520_features.csv
26/26_pCtiQRICc-0_9_67960_68520_features.csv
26/26_ERfCn8-c06o_9_146440_147040_features.csv
26/26_bLvyP8PvPS8_5_85160_85520_features.csv
26/26_htHy0mIx6d8_1_16650_17375_features.csv
26/26_dx81Welon8k_3_147950_148400_features.csv
26/26_amCdj5zSnE4_3_103960_104280_features.csv
26/26_spf1l3dAP68_3_199760_200160_features.csv
26/26_odXbItlRjNg_5_345425_346100_features.csv
26/26_PWuysv8N7D0_9_8360_9320_features.csv
26/26_kEz3DVWNF8w_5_45425_45925_features.csv
22/22_hUBJgXS9Rzw_3_71040_71600_features.csv
22/22_pT_tU8anQgE_5_74400_74840_features.csv
22/22_WLTE5Xg0kEU_3_174400_174800_features.csv
22/22_MddOAfQQ6TY_1_27700_28450_features.csv
22/22_BXAiYnEyX-4_1_48160_48480_features.csv
22/22_PMKbDvdchpA_3_329325_329825_features.csv
22/22_aMyljzx7qJs_8_75200_76400_features.csv
22/22_eEnw82ssF00_7_18525_19200_features.csv
22/22_6CUL9lp60rg_5_192280_193200_features.csv
22/22_pT_tU8anQgE_5_82800_83400_features.csv
22/22_X-9JcsybQ9A_5_60320_60920_features.csv
22/22_70aA_f5W2eg_5_126120_126560_features.csv
22/22_nY6Ibj5Ud8w_1_5900_6525_features.csv
22/22_6CUL9lp60rg_5_542120_542960_features.csv
22/22_UABroDHd4q4_3_98000_98425_features.csv
22/22_aJemwxTbM0E_9_72300_72825_features.csv
22/22_8ikFug8AtA0_5_69640_70200_features.csv
22/22_4viQG8CNp4M_5_81200_82080_features.csv
22/22_eEnw82ssF00_7_264350_265150_features.csv
22/22_86F4qtacKuY_5_269920_270440_features.csv
22/22_DScczXLhnM8_1_4680_5280_features.csv
22/22_WiQtjC50f-M_1_29400_30475_features.csv
22/22_CdYhKZb2rVo_8_20880_21400_features.csv
22/22_70aA_f5W2eg_5_66440_66840_features.csv
22/22_70aA_f5W2eg_5_3280_3760_features.csv
22/22_nY6Ibj5Ud8w_1_79275_79775_features.csv
22/22_kQ6tVot9iHg_9_22600_23080_features.csv
22/22_CdYhKZb2rVo_8_64640_65960_features.csv
22/22_70aA_f5W2eg_5_166680_167040_features.csv
22/22_FfdM5QeoU0k_5_11775_12750_features.csv
22/22_Z_c9m0gG9i8_3_398400_398880_features.csv
22/22_WLTE5Xg0kEU_3_149160_149600_features.csv
22/22_QdeWaRVI0Y8_1_54480_54880_features.csv
22/22_QP6Lh2cypZU_9_25880_26880_features.csv
22/22_PfhJdrof8v8_5_121800_122200_features.csv
22/22_l88gZYCbR5g_5_77280_77960_features.csv
22/22_dKNNEbICWSY_5_66625_67100_features.csv
22/22_70aA_f5W2eg_5_81440_81960_features.csv
22/22_93eIq4QT8Yo_3_8600_9120_features.csv
22/22_Zpy_fOS22pg_5_73000_73720_features.csv
22/22_9XxebdcDyI8_3_28560_29240_features.csv
22/22_bN8xiV0toNI_5_127160_127920_features.csv
22/22_iLz0rQ5ZegY_3_54675_55075_features.csv
22/22_F8ZtKUlxNco_5_121600_122080_features.csv
22/22_BIzEaMHCXiw_5_238560_239040_features.csv
22/22_aJemwxTbM0E_9_60920_61600_features.csv
22/22_eEnw82ssF00_7_230725_231425_features.csv
22/22_l88gZYCbR5g_5_114000_114680_features.csv
22/22_6CUL9lp60rg_5_179160_179480_features.csv
22/22_86F4qtacKuY_5_262440_262880_features.csv
22/22_eEnw82ssF00_7_22560_23040_features.csv
22/22_8ikFug8AtA0_5_66560_67320_features.csv
22/22_PMKbDvdchpA_3_78625_79025_features.csv
22/22_vZpFowr2i8k_3_12640_13120_features.csv
22/22_0qeYLvPBJWs_9_37840_38520_features.csv
22/22_-f3iJKBOm-8_5_58280_59320_features.csv
22/22_74qVhYFaEuM_1_43120_43720_features.csv
22/22_8ikFug8AtA0_5_71200_71840_features.csv
22/22_OwWldpOh0yo_5_33025_33475_features.csv
22/22_BIzEaMHCXiw_5_23200_24000_features.csv
22/22_Y_vSE4qGlXg_5_107925_108275_features.csv
22/22_uBrakY05r9M_5_79600_80200_features.csv
22/22_nY6Ibj5Ud8w_1_144125_144425_features.csv
22/22_-f3iJKBOm-8_5_96600_97320_features.csv
22/22_U-px3QJ6XSU_1_5240_5920_features.csv
22/22_NE07pkgSCQQ_3_165375_165825_features.csv
22/22_q6eYkkDsMEU_5_113520_114200_features.csv
22/22_uYIHRM0YcT8_9_151750_152375_features.csv
22/22_1orehjW53lo_3_134680_135000_features.csv
22/22_CdYhKZb2rVo_8_68160_68800_features.csv
22/22_uBrakY05r9M_5_144600_145120_features.csv
22/22_bLvyP8PvPS8_5_62080_62640_features.csv
22/22_AHbS5GEGh1o_5_108440_108800_features.csv
22/22_uWQV03Uryco_7_40040_41000_features.csv
22/22_xngvsDWg76I_9_10840_11360_features.csv
22/22_Rkm_pr_RAY4_3_31360_31800_features.csv
22/22_pCtiQRICc-0_9_17640_18360_features.csv
22/22_rbwiOnDjex4_3_144125_145225_features.csv
22/22_pT_tU8anQgE_5_75760_76360_features.csv
22/22_6CUL9lp60rg_5_113280_113840_features.csv
22/22_6CUL9lp60rg_5_482720_483480_features.csv
22/22_QdeWaRVI0Y8_1_136600_137240_features.csv
22/22_6CUL9lp60rg_5_50240_50840_features.csv
22/22_iYxytj9B3_I_3_75520_75940_features.csv
22/22_54hyTaGhPFs_5_110320_111160_features.csv
22/22_PMKbDvdchpA_3_331280_331680_features.csv
22/22_bN8xiV0toNI_5_121800_122440_features.csv
22/22_CdYhKZb2rVo_8_126240_126760_features.csv
22/22_iLz0rQ5ZegY_3_256225_256775_features.csv
22/22_eEnw82ssF00_7_262775_263300_features.csv
22/22_eEnw82ssF00_7_142900_143725_features.csv
22/22_6CUL9lp60rg_5_223880_225040_features.csv
22/22_PMKbDvdchpA_3_341075_341775_features.csv
22/22_l611vk1622c_3_105420_106000_features.csv
22/22_l611vk1622c_3_79220_79520_features.csv
22/22_4hnp5xIWiwQ_9_120400_121080_features.csv
22/22_nY6Ibj5Ud8w_1_220850_222050_features.csv
22/22_BIzEaMHCXiw_5_91840_92440_features.csv
22/22_qM1ejOeP6EI_5_32440_32840_features.csv
22/22_Wz1B6prEk1M_1_129075_129800_features.csv
22/22_6CUL9lp60rg_5_90800_91400_features.csv
22/22_Rkm_pr_RAY4_3_108000_108600_features.csv
22/22_EL1G60MtjeQ_1_130520_130840_features.csv
22/22_rbwiOnDjex4_3_39600_39850_features.csv
22/22_UABroDHd4q4_3_70950_71550_features.csv
22/22_LZa-kCvTstE_5_99875_100400_features.csv
22/22_86F4qtacKuY_5_206160_206960_features.csv
22/22_CdYhKZb2rVo_8_125480_125680_features.csv
22/22_-f3iJKBOm-8_5_79520_80000_features.csv
22/22_odXbItlRjNg_5_307480_307960_features.csv
22/22_hUBJgXS9Rzw_3_19000_19400_features.csv
22/22_BIzEaMHCXiw_5_468640_469160_features.csv
22/22_uBrakY05r9M_5_161360_162080_features.csv
22/22_bN8xiV0toNI_5_92040_92320_features.csv
22/22_hUBJgXS9Rzw_3_103120_103520_features.csv
22/22_FfdM5QeoU0k_5_93040_93600_features.csv
22/22_iYxytj9B3_I_3_251660_252140_features.csv
22/22_86F4qtacKuY_5_253560_253880_features.csv
35/35_Wz1B6prEk1M_1_108150_108475_features.csv
35/35_CrHmtfLAZec_9_229360_230120_features.csv
35/35_r_NG6V4aYek_9_276880_277520_features.csv
35/35_rbwiOnDjex4_3_167600_168050_features.csv
35/35_iYxytj9B3_I_3_219480_219880_features.csv
35/35_eM5BQk7WdbM_1_75360_76000_features.csv
35/35_W4oR4lWGp0A_5_113400_113725_features.csv
35/35_26iZWy0bi9U_1_61880_62200_features.csv
35/35_G-oIy6FAUlk_10_124520_125200_features.csv
35/35_M1xszBRw9Ro_10_365240_365720_features.csv
35/35_g0JVrfPwaV0_1_82720_83000_features.csv
35/35_yiuqNGOv6_o_5_13120_13600_features.csv
35/35_q36fZcYH3fc_3_128125_128550_features.csv
35/35_o7_ernQvXQ4_3_85300_85725_features.csv
35/35_bLvyP8PvPS8_5_126320_127000_features.csv
35/35_g0JVrfPwaV0_1_63040_63280_features.csv
35/35_uYIHRM0YcT8_9_13475_14125_features.csv
35/35_9zZ5PHoNt7E_5_11560_12160_features.csv
35/35_1orehjW53lo_3_173760_174280_features.csv
35/35_8ikFug8AtA0_5_56320_56720_features.csv
35/35_ACFoRUxG8oA_5_56600_56920_features.csv
35/35_Z_c9m0gG9i8_3_75520_76040_features.csv
35/35_J0MPbJzW4bs_10_69400_70040_features.csv
35/35_ACFoRUxG8oA_5_48480_48960_features.csv
35/35_aMyljzx7qJs_8_85240_85520_features.csv
35/35_aMyljzx7qJs_8_135920_136440_features.csv
35/35_54hyTaGhPFs_5_136520_137040_features.csv
35/35_JghTBiAEwNc_5_18880_19680_features.csv
35/35_aMyljzx7qJs_8_126300_126675_features.csv
35/35_r_NG6V4aYek_9_285920_286720_features.csv
35/35_CoaGlX3F-E4_3_8860_9420_features.csv
35/35_iYxytj9B3_I_3_28840_29840_features.csv
35/35_CrHmtfLAZec_9_109800_110280_features.csv
35/35_PteWobzf9ag_10_118800_119240_features.csv
35/35_k36ANsahsm0_8_120120_120440_features.csv
35/35_bUI64GMzl_Q_10_67800_68440_features.csv
35/35_rGW_mxBM2Fg_5_41520_42080_features.csv
35/35_BIzEaMHCXiw_5_363640_364000_features.csv
35/35_BIzEaMHCXiw_5_172400_172840_features.csv
35/35_eM5BQk7WdbM_1_71200_71680_features.csv
35/35_UABroDHd4q4_3_246000_246500_features.csv
35/35_J0MPbJzW4bs_10_26200_26520_features.csv
35/35_MQ3EyC0S7Ik_9_86840_87360_features.csv
35/35_XErS7f6c0AM_5_31080_31640_features.csv
35/35_CoaGlX3F-E4_3_65480_65700_features.csv
35/35_fAixMqtTw4M_1_90760_91080_features.csv
35/35_D2g00-t6VkY_5_39240_39680_features.csv
35/35_V3_vJEWGUlw_3_127040_127400_features.csv
35/35_UABroDHd4q4_3_10600_11025_features.csv
35/35_h3oSdHnp__s_10_34600_35240_features.csv
35/35_Z_c9m0gG9i8_3_253080_253440_features.csv
35/35_jKmXwAO4kwA_1_46960_47920_features.csv
35/35_UQPvjVlIdUc_9_210520_211120_features.csv
35/35_xngvsDWg76I_9_15440_16000_features.csv
35/35_iLz0rQ5ZegY_3_147875_148200_features.csv
35/35_UABroDHd4q4_3_49375_49875_features.csv
35/35_W2RrXo-SE-I_1_114600_114825_features.csv
35/35_W4oR4lWGp0A_5_102675_103175_features.csv
35/35_LABkCjY1YMY_5_45175_45675_features.csv
35/35_W4oR4lWGp0A_5_91560_92240_features.csv
35/35_OwWldpOh0yo_5_86900_87550_features.csv
35/35_L6NCVoh6YiE_5_75200_75680_features.csv
35/35_BXAiYnEyX-4_1_61320_61640_features.csv
35/35_0qeYLvPBJWs_9_166440_167320_features.csv
35/35_CdYhKZb2rVo_8_120680_121480_features.csv
35/35_3UP67jkT3xc_5_19480_19840_features.csv
35/35_gQyDV_g0Sv0_9_146640_147320_features.csv
35/35_uYIHRM0YcT8_9_3875_4900_features.csv
35/35_G-oIy6FAUlk_10_76600_77160_features.csv
35/35_Wz1B6prEk1M_1_78450_78825_features.csv
35/35_74qVhYFaEuM_1_33560_34240_features.csv
35/35_BXAiYnEyX-4_1_83880_84320_features.csv
35/35_CoaGlX3F-E4_3_111760_112380_features.csv
35/35_JVYvMF536U8_5_107840_108360_features.csv
35/35_cv_amCPZDDQ_3_32120_32840_features.csv
35/35_bLvyP8PvPS8_5_142400_142920_features.csv
35/35_OwWldpOh0yo_5_89300_89875_features.csv
35/35_iLz0rQ5ZegY_3_144750_145225_features.csv
35/35_aMyljzx7qJs_8_37080_37520_features.csv
35/35_WLTE5Xg0kEU_3_23200_23760_features.csv
35/35_spf1l3dAP68_3_197160_197720_features.csv
35/35_BIzEaMHCXiw_5_456800_457200_features.csv
35/35_9zZ5PHoNt7E_5_21600_22150_features.csv
35/35_dCTAfv0_xBI_5_14680_15520_features.csv
35/35_spf1l3dAP68_3_9760_10080_features.csv
35/35_o6Kca8E43eg_10_34240_34840_features.csv
35/35_Y_vSE4qGlXg_5_113150_113600_features.csv
35/35_Rkm_pr_RAY4_3_180800_181120_features.csv
35/35_85mDdrBQTIY_3_81600_82000_features.csv
35/35_QdeWaRVI0Y8_1_48560_49160_features.csv
35/35_UQPvjVlIdUc_9_64360_64720_features.csv
35/35_WLTE5Xg0kEU_3_168000_168440_features.csv
35/35_XErS7f6c0AM_5_45960_46400_features.csv
35/35_4hnp5xIWiwQ_9_119840_120360_features.csv
35/35_v9sYsMMCacc_10_20880_21640_features.csv
35/35_QdeWaRVI0Y8_1_88240_88800_features.csv
35/35_amCdj5zSnE4_3_29580_30160_features.csv
35/35_EFSuOojeLjE_10_121520_121880_features.csv
35/35_OwWldpOh0yo_5_23840_24520_features.csv
35/35_uYIHRM0YcT8_9_163500_164000_features.csv
35/35_iLz0rQ5ZegY_3_269520_270080_features.csv
35/35_X-9JcsybQ9A_5_44600_45680_features.csv
35/35_Wz1B6prEk1M_1_94650_95075_features.csv
35/35_xngvsDWg76I_9_187720_188320_features.csv
35/35_e7Rkdh0Iq04_3_58400_58920_features.csv
35/35_pZp41ZEqF-E_5_105000_105400_features.csv
35/35_FfdM5QeoU0k_5_55360_55560_features.csv
35/35_CoaGlX3F-E4_3_60100_60340_features.csv
35/35_W2RrXo-SE-I_1_82880_83680_features.csv
35/35_uYIHRM0YcT8_9_90300_90750_features.csv
35/35_NE07pkgSCQQ_3_222925_223350_features.csv
35/35_CD6bKEcBQkQ_9_44375_44725_features.csv
35/35_NE07pkgSCQQ_3_20125_20550_features.csv
35/35_uYIHRM0YcT8_9_20350_20700_features.csv
35/35_eM5BQk7WdbM_1_64920_65280_features.csv
35/35_DScczXLhnM8_1_85000_85840_features.csv
35/35_xngvsDWg76I_9_314000_315000_features.csv
35/35_1orehjW53lo_3_228880_229320_features.csv
35/35_1orehjW53lo_3_240040_240400_features.csv
35/35_Rkm_pr_RAY4_3_166120_166560_features.csv
35/35_Zpy_fOS22pg_5_43280_43960_features.csv
35/35_PteWobzf9ag_10_113520_113920_features.csv
35/35_r_NG6V4aYek_9_279160_279520_features.csv
35/35_EHumoIaIfbU_1_81280_81560_features.csv
35/35_q36fZcYH3fc_3_185225_185625_features.csv
35/35_xngvsDWg76I_9_260840_261720_features.csv
35/35_o7_ernQvXQ4_3_68000_68300_features.csv
35/35_XErS7f6c0AM_5_63760_64160_features.csv
35/35_SZRI8ND3EzU_9_191920_192480_features.csv
35/35_Y_vSE4qGlXg_5_116750_117075_features.csv
35/35_cv_amCPZDDQ_3_26200_26520_features.csv
10/10_o6Kca8E43eg_10_222800_223440_features.csv
10/10_o6Kca8E43eg_10_210280_210880_features.csv
10/10__MM_-_lvYmE_10_23680_24000_features.csv
10/10_o6Kca8E43eg_10_67400_67720_features.csv
10/10_J0MPbJzW4bs_10_45800_46200_features.csv
10/10_J0MPbJzW4bs_10_3640_4160_features.csv
10/10_Sy-OLfgn0NY_5_255520_255920_features.csv
10/10_LABkCjY1YMY_5_43800_44240_features.csv
10/10_ABtvOBM1KWY_10_80760_81400_features.csv
10/10_W2RrXo-SE-I_1_4050_4375_features.csv
10/10_o6Kca8E43eg_10_232720_233160_features.csv
10/10_47YmPhcPnQ0_10_32920_33560_features.csv
10/10_o6Kca8E43eg_10_125680_126120_features.csv
10/10_ABtvOBM1KWY_10_40250_40950_features.csv
10/10_nY6Ibj5Ud8w_1_185625_186750_features.csv
10/10_DCEb-mtfXV4_10_43960_44760_features.csv
10/10_ABtvOBM1KWY_10_94825_95100_features.csv
10/10_LZa-kCvTstE_5_3225_3725_features.csv
10/10_DCEb-mtfXV4_10_59760_60360_features.csv
10/10_OU7hkPpVByc_1_4160_4480_features.csv
10/10_47YmPhcPnQ0_10_12240_13200_features.csv
10/10_o6Kca8E43eg_10_242600_243120_features.csv
10/10_Sy-OLfgn0NY_5_233700_234525_features.csv
10/10_J0MPbJzW4bs_10_50080_50440_features.csv
10/10_F8ZtKUlxNco_5_28720_29160_features.csv
10/10_v9sYsMMCacc_10_25160_25600_features.csv
10/10_o6Kca8E43eg_10_72640_73080_features.csv
10/10_47YmPhcPnQ0_10_2600_3000_features.csv
10/10_DCEb-mtfXV4_10_20680_21040_features.csv
10/10_LABkCjY1YMY_5_46725_47250_features.csv
10/10_Sy-OLfgn0NY_5_237275_237700_features.csv
10/10_znyGvu-Bp28_5_57120_57600_features.csv
10/10_ZVbD1_PPs9A_6_26720_27480_features.csv
10/10_ABtvOBM1KWY_10_111000_111300_features.csv
10/10_WiQtjC50f-M_1_5750_6125_features.csv
10/10_o6Kca8E43eg_10_2960_3240_features.csv
10/10_WKeVl2Nt3iA_10_39480_40040_features.csv
10/10_I1W0BLPETf8_10_35560_36040_features.csv
10/10_DCEb-mtfXV4_10_95040_95480_features.csv
10/10_F8ZtKUlxNco_5_183440_183960_features.csv
10/10_WKeVl2Nt3iA_10_34080_34600_features.csv
10/10_WiQtjC50f-M_1_189250_189500_features.csv
10/10_HCf93Ng8W_M_6_38700_39375_features.csv
10/10_Sy-OLfgn0NY_5_261250_261600_features.csv
10/10_o6Kca8E43eg_10_9880_10120_features.csv
10/10_6gwIyDawfiQ_5_61360_61840_features.csv
10/10_o6Kca8E43eg_10_239960_240600_features.csv
10/10_PfhJdrof8v8_5_19960_20720_features.csv
10/10_J0MPbJzW4bs_10_11640_11920_features.csv
10/10_o6Kca8E43eg_10_111760_112080_features.csv
10/10_SKZIM1S4c78_5_129400_129720_features.csv
10/10_o6Kca8E43eg_10_106520_107080_features.csv
10/10_J0MPbJzW4bs_10_22520_22920_features.csv
10/10_J0MPbJzW4bs_10_51040_51640_features.csv
10/10_WKeVl2Nt3iA_10_47440_47760_features.csv
10/10_o6Kca8E43eg_10_49840_50160_features.csv
10/10_WiQtjC50f-M_1_8075_8675_features.csv
10/10_U-px3QJ6XSU_1_88960_89800_features.csv
10/10_nY6Ibj5Ud8w_1_241875_242675_features.csv
10/10_o6Kca8E43eg_10_185480_185960_features.csv
10/10_o6Kca8E43eg_10_196320_196840_features.csv
10/10_WKeVl2Nt3iA_10_50520_51120_features.csv
10/10_M1xszBRw9Ro_10_270160_270680_features.csv
10/10_v9sYsMMCacc_10_3280_3600_features.csv
10/10_DCEb-mtfXV4_10_89360_90160_features.csv
10/10_Zg7ELCbjpUo_6_3800_4200_features.csv
10/10_IBBhBH6h1hg_6_14440_14760_features.csv
10/10_BrT-NiLf2v0_6_51360_51720_features.csv
10/10__MM_-_lvYmE_10_96240_96720_features.csv
10/10_LZa-kCvTstE_5_46075_46650_features.csv
10/10_WiQtjC50f-M_1_245200_245400_features.csv
10/10_o6Kca8E43eg_10_153520_154200_features.csv
10/10_o6Kca8E43eg_10_31440_32040_features.csv
10/10_QfV-GOnjBcE_1_18850_19100_features.csv
10/10_I1W0BLPETf8_10_37680_38040_features.csv
10/10_v9sYsMMCacc_10_37280_37960_features.csv
10/10_47YmPhcPnQ0_10_5800_6080_features.csv
10/10_Zg7ELCbjpUo_6_9150_9625_features.csv
10/10_F8ZtKUlxNco_5_29680_30160_features.csv
10/10_QfV-GOnjBcE_1_15825_16275_features.csv
10/10_DCEb-mtfXV4_10_77960_78600_features.csv
10/10_o6Kca8E43eg_10_166600_167000_features.csv
10/10_o6Kca8E43eg_10_18520_18800_features.csv
10/10_F8ZtKUlxNco_5_5240_5680_features.csv
10/10_ABtvOBM1KWY_10_5200_5760_features.csv
10/10_v9sYsMMCacc_10_48760_49600_features.csv
9/9_6CUL9lp60rg_5_299840_300320_features.csv
9/9__gzz8994rV0_1_55960_56640_features.csv
9/9_QP6Lh2cypZU_9_119720_120800_features.csv
9/9__Lb4gBLfFSA_1_9880_10280_features.csv
9/9_v7D1uOEhf8I_10_21440_21600_features.csv
9/9_LZa-kCvTstE_5_86200_86825_features.csv
9/9_TDH6B8JDB5E_1_4160_4400_features.csv
9/9_xLsHnvl2Jyw_9_77680_78040_features.csv
9/9_EFSuOojeLjE_10_22520_22800_features.csv
9/9_w2W4r3usjZE_9_31760_32560_features.csv
9/9_CrHmtfLAZec_9_22160_23040_features.csv
9/9_ysz0CjirP84_9_4440_4920_features.csv
9/9__LcXSjZwm_Q_5_99720_100080_features.csv
9/9_HSbkP5mw8n4_1_115120_115480_features.csv
9/9_6CUL9lp60rg_5_511520_511920_features.csv
9/9_9XxebdcDyI8_3_144960_145360_features.csv
9/9_EFSuOojeLjE_10_32320_32720_features.csv
9/9_9XxebdcDyI8_3_38480_38880_features.csv
9/9_WX3UI5TtQQU_9_459400_459640_features.csv
9/9_9sK0M5PkKZ4_9_73240_73480_features.csv
9/9_QP6Lh2cypZU_9_85520_86080_features.csv
9/9_WLTE5Xg0kEU_3_6600_6960_features.csv
9/9_qM1ejOeP6EI_5_21640_22240_features.csv
9/9_hUBJgXS9Rzw_3_189640_190000_features.csv
9/9_aJemwxTbM0E_9_49175_49850_features.csv
9/9_o7_ernQvXQ4_3_82675_83150_features.csv
9/9_FhpfERsdST8_3_55720_55920_features.csv
9/9_EFSuOojeLjE_10_51640_52040_features.csv
9/9_4HOJSm5XYeo_9_41360_41840_features.csv
9/9_6CUL9lp60rg_5_207560_207960_features.csv
9/9_Zohg0xfNAv8_5_67600_68160_features.csv
9/9_M1xszBRw9Ro_10_351760_352120_features.csv
9/9_cv_amCPZDDQ_3_23600_24040_features.csv
9/9_UQPvjVlIdUc_9_48120_48400_features.csv
9/9_nY6Ibj5Ud8w_1_236000_236400_features.csv
9/9_M1xszBRw9Ro_10_38840_39280_features.csv
9/9_WLTE5Xg0kEU_3_166800_167080_features.csv
9/9_r_NG6V4aYek_9_208120_208680_features.csv
9/9_lJeBuPOf7HY_9_18300_19150_features.csv
9/9_EFSuOojeLjE_10_110960_111320_features.csv
9/9_HSbkP5mw8n4_1_62080_62280_features.csv
9/9_QP6Lh2cypZU_9_138800_139800_features.csv
9/9__Lb4gBLfFSA_1_4080_4440_features.csv
9/9__Lb4gBLfFSA_1_15360_15640_features.csv
9/9_ysz0CjirP84_9_7920_8320_features.csv
9/9_UABroDHd4q4_3_201650_202300_features.csv
9/9_WLTE5Xg0kEU_3_289520_289840_features.csv
9/9_85mDdrBQTIY_3_66960_67360_features.csv
9/9_WLTE5Xg0kEU_3_101520_101920_features.csv
9/9_MddOAfQQ6TY_1_4280_4640_features.csv
9/9_6CUL9lp60rg_5_565840_566120_features.csv
9/9_h3oSdHnp__s_10_85160_85640_features.csv
9/9__gzz8994rV0_1_9520_9800_features.csv
9/9_sJcrfC-jm-M_5_86400_86800_features.csv
9/9_Dc7A-zC9x3I_1_17040_17280_features.csv
9/9_M1xszBRw9Ro_10_222920_223160_features.csv
9/9_SYlZa_rEzO0_9_23640_24120_features.csv
9/9_EFSuOojeLjE_10_73280_73520_features.csv
9/9_wRRNHQc32uU_9_5080_5440_features.csv
9/9_bUI64GMzl_Q_10_71880_72240_features.csv
9/9_Y_vSE4qGlXg_5_36875_37275_features.csv
9/9_9sK0M5PkKZ4_9_17920_18280_features.csv
9/9_r_NG6V4aYek_9_152920_153280_features.csv
9/9_PfhJdrof8v8_5_25320_26000_features.csv
9/9_v7D1uOEhf8I_10_12760_13040_features.csv
9/9_Sbqr-bH0-dI_3_51520_51800_features.csv
9/9_bLvyP8PvPS8_5_12560_13000_features.csv
9/9_Sy-OLfgn0NY_5_245640_246000_features.csv
9/9_2Jl03q6tsRw_9_70520_70880_features.csv
9/9_QfV-GOnjBcE_1_7200_7480_features.csv
9/9_G-oIy6FAUlk_10_143840_144800_features.csv
9/9_M1xszBRw9Ro_10_15160_15440_features.csv
9/9_WLTE5Xg0kEU_3_190520_190760_features.csv
9/9_EL1G60MtjeQ_1_37040_37320_features.csv
9/9_HSbkP5mw8n4_1_51000_51680_features.csv
9/9_iLz0rQ5ZegY_3_271120_271480_features.csv
9/9_9sK0M5PkKZ4_9_237200_237600_features.csv
9/9_5JuNS_vnIYs_3_39520_39840_features.csv
9/9_wRRNHQc32uU_9_22200_22600_features.csv
9/9_w2W4r3usjZE_9_41240_41760_features.csv
9/9_nY6Ibj5Ud8w_1_124240_124640_features.csv
9/9_MddOAfQQ6TY_1_21600_22120_features.csv
9/9_CrHmtfLAZec_9_126760_127720_features.csv
9/9_74qVhYFaEuM_1_19520_20040_features.csv
9/9_hUBJgXS9Rzw_3_82640_83000_features.csv
9/9_G-oIy6FAUlk_10_48520_49320_features.csv
9/9_CrHmtfLAZec_9_16240_17360_features.csv
9/9_TDH6B8JDB5E_1_32040_32320_features.csv
9/9_VBC2i8bbqa4_5_107280_107840_features.csv
9/9_r_NG6V4aYek_9_269160_269920_features.csv
9/9_iLz0rQ5ZegY_3_264875_265425_features.csv
9/9_85mDdrBQTIY_3_169600_170000_features.csv
9/9_gQyDV_g0Sv0_9_30480_31440_features.csv
9/9_e7Rkdh0Iq04_3_14920_15440_features.csv
9/9_lJeBuPOf7HY_9_69075_69775_features.csv
9/9_dEBaTqI-mS8_3_53960_54280_features.csv
9/9_9XxebdcDyI8_3_72000_72400_features.csv
9/9_dx81Welon8k_3_115600_116080_features.csv
9/9_G-oIy6FAUlk_10_36960_37240_features.csv
9/9_PMKbDvdchpA_3_95120_95560_features.csv
9/9_VBC2i8bbqa4_5_121000_121360_features.csv
20/20_8j29V2Gcy1M_9_50520_51840_features.csv
20/20_BIzEaMHCXiw_5_364640_365280_features.csv
20/20_D9fwn7c9xVQ_9_14360_14960_features.csv
20/20_4viQG8CNp4M_5_162480_162960_features.csv
20/20_eEnw82ssF00_7_116680_117120_features.csv
20/20_uYIHRM0YcT8_9_168440_168680_features.csv
20/20_FfdM5QeoU0k_5_55700_56125_features.csv
20/20_W4oR4lWGp0A_5_121360_121840_features.csv
20/20_9sK0M5PkKZ4_9_171400_172000_features.csv
20/20_8j29V2Gcy1M_9_46880_47440_features.csv
20/20_9sK0M5PkKZ4_9_337560_337840_features.csv
20/20__LcXSjZwm_Q_5_168280_168760_features.csv
20/20_wgmHta_ijns_9_40480_41200_features.csv
20/20_Wz1B6prEk1M_1_42800_43080_features.csv
20/20_SZRI8ND3EzU_9_8720_9240_features.csv
20/20_iYxytj9B3_I_3_143040_143380_features.csv
20/20_xngvsDWg76I_9_53880_54360_features.csv
20/20_W50BB1aT094_6_43050_43400_features.csv
20/20_S7ltODt2LKM_9_27120_27680_features.csv
20/20_9zZ5PHoNt7E_5_11100_11450_features.csv
20/20_SKZIM1S4c78_5_196040_196720_features.csv
20/20_V3_vJEWGUlw_3_9960_10280_features.csv
20/20_rIYSOtAtv48_3_72320_72560_features.csv
20/20_Ss66tHhsdro_6_127600_128240_features.csv
20/20_gR2aGrjNE84_2_7240_7560_features.csv
20/20_q6eYkkDsMEU_5_14040_14840_features.csv
20/20_odXbItlRjNg_5_214520_215160_features.csv
20/20_eEnw82ssF00_7_123560_123960_features.csv
20/20_W50BB1aT094_6_51700_51975_features.csv
20/20_4viQG8CNp4M_5_166600_166960_features.csv
20/20_NE07pkgSCQQ_3_153125_153400_features.csv
20/20_eEnw82ssF00_7_358440_358800_features.csv
20/20_85mDdrBQTIY_3_357840_358040_features.csv
20/20_QdeWaRVI0Y8_1_105800_106240_features.csv
20/20_BIzEaMHCXiw_5_458720_459560_features.csv
20/20__LcXSjZwm_Q_5_58800_59200_features.csv
20/20_lJeBuPOf7HY_9_109875_110425_features.csv
20/20_UABroDHd4q4_3_43100_43325_features.csv
20/20_uYIHRM0YcT8_9_182925_183175_features.csv
20/20_bLvyP8PvPS8_5_95680_96200_features.csv
20/20_nY6Ibj5Ud8w_1_138960_139360_features.csv
20/20_LABkCjY1YMY_5_141025_141950_features.csv
20/20_EL1G60MtjeQ_1_119040_119960_features.csv
20/20_rIYSOtAtv48_3_151020_151440_features.csv
20/20_9sK0M5PkKZ4_9_375640_376360_features.csv
20/20_Ss66tHhsdro_6_56960_57360_features.csv
20/20_hUBJgXS9Rzw_3_9800_10080_features.csv
20/20_Sbqr-bH0-dI_3_127200_127640_features.csv
20/20_9sK0M5PkKZ4_9_297960_298320_features.csv
20/20_spf1l3dAP68_3_89120_89360_features.csv
20/20_PWuysv8N7D0_9_48480_49080_features.csv
20/20_Dc7A-zC9x3I_1_77200_78000_features.csv
20/20_CrHmtfLAZec_9_233240_233880_features.csv
20/20_tyknYCHAjKM_2_38000_38200_features.csv
20/20_PMKbDvdchpA_3_279800_280225_features.csv
20/20_PMKbDvdchpA_3_187400_187640_features.csv
20/20_4viQG8CNp4M_5_48320_48680_features.csv
20/20_5JuNS_vnIYs_3_59480_59840_features.csv
20/20_UczPDLSQ8t0_5_17560_18360_features.csv
20/20_PMKbDvdchpA_3_199125_199475_features.csv
20/20_vG2jP8oVSuE_7_9880_10320_features.csv
20/20_hUBJgXS9Rzw_3_47320_47800_features.csv
20/20_W2RrXo-SE-I_1_229750_230100_features.csv
20/20_LABkCjY1YMY_5_47760_48240_features.csv
20/20_70aA_f5W2eg_5_55360_55840_features.csv
20/20_Ljl65NHBfsM_7_41200_41640_features.csv
20/20_IlgY_gb74zw_3_216160_216480_features.csv
20/20_9sK0M5PkKZ4_9_364920_365560_features.csv
20/20_1orehjW53lo_3_288160_289080_features.csv
20/20_eEnw82ssF00_7_276240_276720_features.csv
20/20_eEnw82ssF00_7_356640_356960_features.csv
20/20_iLz0rQ5ZegY_3_188850_189325_features.csv
20/20_VBC2i8bbqa4_5_173280_173880_features.csv
20/20_9sK0M5PkKZ4_9_205640_206560_features.csv
20/20_Wz1B6prEk1M_1_43880_44160_features.csv
20/20_W50BB1aT094_6_37440_38080_features.csv
20/20_4WOjGpvUXJM_1_30400_30840_features.csv
20/20_JV100VFWuzU_2_18320_18720_features.csv
20/20_UABroDHd4q4_3_41400_42075_features.csv
20/20_q6eYkkDsMEU_5_104275_105050_features.csv
20/20_6CUL9lp60rg_5_533360_534080_features.csv
20/20_BIzEaMHCXiw_5_343160_343680_features.csv
20/20_9zZ5PHoNt7E_5_9950_10500_features.csv
20/20_IlgY_gb74zw_3_257240_257560_features.csv
20/20_Sy-OLfgn0NY_5_194025_194550_features.csv
20/20_spf1l3dAP68_3_118880_119720_features.csv
20/20_1orehjW53lo_3_246400_246720_features.csv
20/20_U5LEX0riqiU_2_61760_62040_features.csv
20/20_odXbItlRjNg_5_206475_206850_features.csv
20/20_eEnw82ssF00_7_101920_102560_features.csv
20/20_4WOjGpvUXJM_1_72600_73000_features.csv
20/20_rIYSOtAtv48_3_142160_142760_features.csv
20/20_odXbItlRjNg_5_262750_262975_features.csv
20/20_SZRI8ND3EzU_9_61640_61920_features.csv
20/20_8ikFug8AtA0_5_56840_57360_features.csv
20/20_IlgY_gb74zw_3_29800_30520_features.csv
20/20_BXAiYnEyX-4_1_56240_56800_features.csv
20/20__D83rNB-Bos_1_35680_36600_features.csv
20/20_rIYSOtAtv48_3_82200_82440_features.csv
20/20_yyZxrkIa1-Y_9_17080_17840_features.csv
20/20_9sK0M5PkKZ4_9_107000_107880_features.csv
20/20_JVYvMF536U8_5_24640_24920_features.csv
20/20_unh-5lZtCtw_9_146360_146800_features.csv
20/20_Sbqr-bH0-dI_3_79520_80000_features.csv
20/20_D9fwn7c9xVQ_9_29800_30600_features.csv
20/20_eM5BQk7WdbM_1_60600_61240_features.csv
20/20_amCdj5zSnE4_3_13100_13700_features.csv
